
L = 4

[
[0.49999999999999994, 0.49999999999999994, 0.49999999999999994, 0.49999999999999994, 0.49999999999999994, 0.49999999999999994, 0.49999999999999994, 0.49999999999999994, 0.49999999999999994, 0.49999999999999994, 0.9999999999999999],[0.49999999999999994, 0.49999999999999994, 0.49999999999999994, 0.49999999999999994, 0.49999999999999994, 0.49999999999999994, 1.0, 1.0, 1.0, 1.0, 1.5],[0.5, 0.5, 0.5, 0.5, 0.5, 0.5, 1.0, 1.0, 1.0, 1.0, 2.0],[0.49999999999999994, 0.49999999999999994, 0.49999999999999994, 1.0, 1.0, 1.0, 1.5, 1.5, 1.5, 1.5, 1.5],[0.5, 0.5, 0.5, 1.0, 1.0, 1.0, 1.5, 1.5, 1.5, 2.0, 2.0],[0.49999999999999994, 1.0, 1.0, 1.5, 1.5, 1.5, 1.5, 1.5, 1.5, 1.5, 1.5],[0.49999999999999983, 0.9999999999999998, 0.9999999999999998, 1.4999999999999998, 1.4999999999999998, 1.4999999999999998, 1.4999999999999998, 1.4999999999999998, 1.4999999999999998, 1.4999999999999998, 1.4999999999999998],[1.0, 1.5, 2.0, 2.0, 2.0, 2.0, 2.0, 2.0, 2.0, 2.0, 2.0],[1.0, 1.5, 1.5, 1.5, 1.5, 1.5, 1.5, 1.5, 1.5, 1.5, 1.5]
]

L = 5

[
[0.49999999999999994, 0.49999999999999994, 0.49999999999999994, 0.49999999999999994, 0.49999999999999994, 0.49999999999999994, 0.9999999999999999, 0.9999999999999999, 0.9999999999999999, 0.9999999999999999, 0.9999999999999999],[0.49999999999999994, 0.49999999999999994, 0.49999999999999994, 0.49999999999999994, 0.49999999999999994, 0.49999999999999994, 0.9999999999999999, 0.9999999999999999, 0.9999999999999999, 0.9999999999999999, 0.9999999999999999],[0.49999999999999994, 0.49999999999999994, 0.49999999999999994, 0.9999999999999999, 0.9999999999999999, 0.9999999999999999, 0.9999999999999999, 0.9999999999999999, 0.9999999999999999, 0.9999999999999999, 0.9999999999999999],[0.49999999999999994, 0.49999999999999994, 0.49999999999999994, 0.9999999999999999, 0.9999999999999999, 0.9999999999999999, 0.9999999999999999, 0.9999999999999999, 0.9999999999999999, 0.9999999999999999, 0.9999999999999999],[9.61027951144475e-16, 9.61027951144475e-16, 9.61027951144475e-16, 9.61027951144475e-16, 9.61027951144475e-16, 9.61027951144475e-16, 9.61027951144475e-16, 9.61027951144475e-16, 9.61027951144475e-16, 9.61027951144475e-16, 9.61027951144475e-16],[0.49999999999999994, 1.0, 1.0, 1.0, 1.0, 1.0, 1.0, 1.0, 1.0, 1.0, 1.0],[0.9999999999999998, 0.9999999999999998, 0.9999999999999998, 0.9999999999999998, 0.9999999999999998, 0.9999999999999998, 0.9999999999999998, 0.9999999999999998, 0.9999999999999998, 0.9999999999999998, 0.9999999999999998],[1.0, 1.0, 1.0, 1.0, 1.0, 1.0, 1.0, 1.0, 1.0, 1.0, 1.0],[-6.406853007629837e-16, -6.406853007629837e-16, -6.406853007629837e-16, -6.406853007629837e-16, -6.406853007629837e-16, -6.406853007629837e-16, -6.406853007629837e-16, -6.406853007629837e-16, -6.406853007629837e-16, -6.406853007629837e-16, -6.406853007629837e-16],[3.203426503814918e-16, 3.203426503814918e-16, 3.203426503814918e-16, 3.203426503814918e-16, 3.203426503814918e-16, 3.203426503814918e-16, 3.203426503814918e-16, 3.203426503814918e-16, 3.203426503814918e-16, 3.203426503814918e-16, 3.203426503814918e-16],[-0.0, -0.0, -0.0, -0.0, -0.0, -0.0, -0.0, -0.0, -0.0, -0.0, -0.0]
]

L = 6

[
[0.49999999999999994, 0.49999999999999994, 0.49999999999999994, 0.49999999999999994, 0.49999999999999994, 0.49999999999999994, 0.9999999999999999, 0.9999999999999999, 0.9999999999999999, 0.9999999999999999, 0.9999999999999999],[0.49999999999999994, 0.49999999999999994, 0.49999999999999994, 1.0, 1.0, 1.0, 1.5, 1.5, 1.5, 1.5, 1.5],[0.5, 0.5, 0.5, 1.0, 1.0, 1.0, 1.375, 1.375, 1.375, 1.75, 2.5],[0.5, 0.875, 0.875, 1.25, 1.625, 1.625, 2.0, 2.375, 2.375, 2.625, 2.875],[0.3750000000000001, 0.75, 0.75, 1.1055616162641015, 1.425721381821493, 1.425721381821493, 1.7458811473788847, 1.9958811473788847, 1.9958811473788847, 2.245881147378885, 3.6604072702108454],[0.6180041254030728, 0.901951647140013, 1.151951647140013, 1.651951647140013, 1.8589065299187089, 2.0658614126974046, 2.2636648743848284, 2.5761648743848284, 2.7324148743848284, 2.8886648743848284, 4.4445120803645946],[0.8164280318460245, 1.1914280318460246, 1.5664280318460246, 2.249061555730543, 2.5692213212879347, 2.8385234696240222, 3.045478352402718, 3.201728352402718, 3.201728352402718, 3.201728352402718, 3.201728352402718],[0.8620481027607745, 1.6698131123550457, 2.1669137266982643, 2.669316884373116, 2.9875673894308887, 3.402990053116566, 3.656819935895262, 4.028420018482767, 4.272522459872114, 4.385503406101289, 4.493293106859088],[0.8934316381912045, 1.5968309340845086, 2.0015302325278084, 2.551075096390658, 2.8695824986411798, 3.338332498641179, 3.592162381419875, 3.924040896977267, 4.1975504463158915, 4.3484511791364, 4.615467082320929],[1.6810855493467651, 2.6874352140236306, 3.579915499164718, 4.2158939801726785, 4.2158939801726785, 4.2158939801726785, 4.2158939801726785, 4.2158939801726785, 4.2158939801726785, 4.2158939801726785, 4.2158939801726785],[1.6963296337232259, 2.8473475878039296, 3.745099793486229, 4.157495051303739, 4.157495051303739, 4.157495051303739, 4.157495051303739, 4.157495051303739, 4.157495051303739, 4.157495051303739, 4.157495051303739],[2.5581807204086333, 3.9539411815437373, 4.5803317415292035, 4.580331741529205, 4.580331741529205, 4.580331741529205, 4.580331741529205, 4.580331741529205, 4.580331741529205, 4.580331741529205, 4.580331741529205],[2.418570125448998, 3.7218702607325396, 4.422514561674266, 4.748968604824298, 4.910590198885447, 4.974032153460354, 5.003680438693138, 5.016102756966596, 5.019817646212148, 5.02068050795884, 5.0207299453904515]
]

L = 7

[
[0.49999999999999994, 0.49999999999999994, 0.49999999999999994, 0.9999999999999999, 0.9999999999999999, 0.9999999999999999, 0.9999999999999999, 0.9999999999999999, 0.9999999999999999, 0.9999999999999999, 0.9999999999999999],[0.5, 0.5, 0.5, 1.0, 1.0, 1.0, 1.5, 1.5, 1.5, 2.0, 2.0],[0.5, 1.0, 1.0, 1.375, 1.75, 1.75, 2.125, 2.5, 2.5, 2.5, 2.5],[0.4528195311147832, 0.9056390622295664, 0.9056390622295664, 1.3584585933443496, 1.7334585933443496, 1.7334585933443496, 2.1084585933443494, 2.3584585933443494, 2.3584585933443494, 2.6084585933443494, 2.8584585933443494],[0.75, 1.125, 1.4451597655573916, 1.9451597655573916, 2.1951597655573916, 2.4451597655573916, 2.6951597655573916, 3.1951597655573916, 3.3514097655573916, 3.5076597655573916, 3.6639097655573916],[0.6626589849345718, 0.9434187357798508, 1.21500753048524, 1.6905828439244663, 1.9025977050520984, 2.109552587830794, 2.31650747060949, 2.7235377776888443, 2.9077531358654807, 3.064003135865482, 4.374771266719649],[0.9230187023302698, 1.603398113166762, 2.0173078787241536, 2.638172527060241, 2.970065454721694, 3.409480396111042, 3.663310278889738, 4.044055103057782, 4.400959607813896, 4.438299797067209, 4.438299797067209],[0.9882407015050115, 1.8038240870431685, 2.253151763036891, 2.874016411372978, 3.247078984472228, 3.7325299166851416, 3.9566192578402397, 4.08960703053342, 4.089607030533419, 4.089607030533419, 4.089607030533419],[2.2571069043111924, 3.1655571495967045, 3.1655571495967045, 3.1655571495967045, 3.1655571495967045, 3.1655571495967045, 3.1655571495967045, 3.1655571495967045, 3.1655571495967045, 3.1655571495967045, 3.1655571495967045],[2.0817594426604593, 3.3031520363152875, 3.3031520363152875, 3.3031520363152875, 3.3031520363152875, 3.3031520363152875, 3.3031520363152875, 3.3031520363152875, 3.3031520363152875, 3.3031520363152875, 3.3031520363152875],[2.633495542477037, 4.289298885499644, 4.289298885499644, 4.289298885499644, 4.289298885499644, 4.289298885499644, 4.289298885499644, 4.289298885499644, 4.289298885499644, 4.289298885499644, 4.289298885499644],[2.3573050879034434, 3.569728702397331, 4.651616652166584, 4.860924470283815, 4.860924470283815, 4.860924470283815, 4.860924470283815, 4.860924470283815, 4.860924470283815, 4.860924470283815, 4.860924470283815],[4.289684942904562, 4.289684942904562, 4.289684942904562, 4.289684942904562, 4.289684942904562, 4.289684942904562, 4.289684942904562, 4.289684942904562, 4.289684942904562, 4.289684942904562, 4.289684942904562],[4.230272583383129, 4.230272583383128, 4.230272583383128, 4.230272583383128, 4.230272583383128, 4.230272583383128, 4.230272583383128, 4.230272583383128, 4.230272583383128, 4.230272583383128, 4.230272583383128],[3.738622619387517, 4.755412026645427, 5.073663416112781, 5.13703222007347, 5.149011225280549, 5.151309576796257, 5.151574907052696, 5.151576240449164, 5.1515762469814375, 5.151576247025491, 5.151576247025519]
]

L = 8

[
[0.49999999999999994, 0.49999999999999994, 0.49999999999999994, 0.9999999999999999, 0.9999999999999999, 0.9999999999999999, 0.9999999999999999, 0.9999999999999999, 0.9999999999999999, 0.9999999999999999, 0.9999999999999999],[0.5, 1.0, 1.0, 1.5, 2.0, 2.0, 2.0, 2.0, 2.0, 2.0, 2.0],[0.5, 0.875, 0.875, 1.25, 1.625, 1.625, 2.0, 2.375, 2.375, 2.75, 2.75],[0.625, 0.875, 1.125, 1.625, 1.875, 2.125, 2.375, 2.875, 3.125, 3.375, 3.875],[0.5701597655573916, 0.8201597655573916, 1.0701597655573916, 1.5701597655573916, 1.8201597655573916, 2.0701597655573916, 2.3201597655573916, 2.6326597655573916, 2.7889097655573916, 2.9451597655573916, 4.351409765557392],[0.6960412171042867, 1.316905865440374, 1.6617981479388102, 2.13054814793881, 2.44304814793881, 2.91179814793881, 3.22429814793881, 3.50554814793881, 3.7867981479388106, 3.9742981479388106, 5.0827190840405],[0.6851125272104599, 1.243497519732308, 1.5863605771378353, 2.0761847728854996, 2.3886847728854996, 2.8280997142748476, 3.0155997142748476, 3.2968497142748476, 3.578099714274848, 3.765599714274848, 5.345151321332458],[1.0527377792643522, 1.69829230776959, 2.2216155504156436, 2.693373329171255, 3.148311404848606, 3.5555460833972807, 3.9314271868706507, 4.264292705912625, 4.596116149625124, 4.869553649625125, 6.041641689124771],[0.9576577543150468, 1.6688882553999498, 2.308301471473941, 2.8285627005520153, 3.2973127005520158, 3.760051447421976, 4.134146113400962, 4.452613843506147, 4.780738843506147, 5.054176343506147, 5.914162890203249],[1.1537276926622129, 2.054643384814175, 2.8426831812460374, 3.5214029975805845, 4.135991306034667, 4.640279541907082, 5.0744096790115485, 5.423742918933632, 5.767492918933632, 6.0531293492905, 6.829221579141857],[1.5150994266174895, 2.5362082256023135, 3.3897965370040133, 4.115254827971171, 4.750374648981931, 5.208140731561556, 5.5997292726470596, 5.921222038220218, 6.133933212311288, 6.2445690161248315, 6.268560989513535],[2.018099955265023, 3.4002459267053524, 4.528353125290539, 5.309528794239356, 5.915354296879698, 6.373551675823591, 6.7013088852684, 6.896488894494016, 6.920619452687463, 6.920619452687461, 6.920619452687462],[2.383996714063083, 4.05582403830989, 5.279103715063885, 6.156739964435083, 6.227056524446571, 6.227056524446571, 6.227056524446572, 6.227056524446571, 6.227056524446571, 6.227056524446571, 6.227056524446571],[4.022642008061435, 6.18141662049525, 6.2343784108497395, 6.23437841084974, 6.2343784108497395, 6.2343784108497395, 6.23437841084974, 6.23437841084974, 6.2343784108497395, 6.2343784108497395, 6.2343784108497395],[3.4453770944823168, 5.328579558287209, 6.390545147634043, 6.879329985186429, 6.900487775492545, 6.900487775492546, 6.900487775492547, 6.900487775492547, 6.900487775492545, 6.900487775492545, 6.900487775492546],[5.231349513094637, 6.97241525199212, 7.003669163992903, 7.003669163992902, 7.003669163992903, 7.003669163992903, 7.003669163992903, 7.003669163992902, 7.003669163992902, 7.003669163992903, 7.003669163992904],[5.062919516980286, 6.676137420236527, 7.092628075734611, 7.195963767946758, 7.232014201887121, 7.248079569456192, 7.25480473272175, 7.257095657236417, 7.257695260977434, 7.257885100802698, 7.257928055245437]
]

L = 9

[
[0.49999999999999994, 0.9999999999999999, 0.9999999999999999, 0.9999999999999999, 0.9999999999999999, 0.9999999999999999, 0.9999999999999999, 0.9999999999999999, 0.9999999999999999, 0.9999999999999999, 0.9999999999999999],[0.5, 1.0, 1.0, 1.5, 2.0, 2.0, 2.0, 2.0, 2.0, 2.0, 2.0],[0.875, 1.25, 1.625, 2.375, 2.75, 2.75, 2.75, 2.75, 2.75, 2.75, 2.75],[0.8419363011245782, 1.2169363011245782, 1.5919363011245782, 2.1687811401243815, 2.4187811401243815, 2.6687811401243815, 2.9187811401243815, 3.2472134756111326, 3.2472134756111326, 3.2472134756111326, 3.247213475611132],[0.9847759841690777, 1.8504067525749077, 2.3504067525749077, 3.1004067525749077, 3.4129067525749077, 3.831059804107221, 3.9073155442770577, 3.9073155442770577, 3.9073155442770573, 3.9073155442770573, 3.9073155442770573],[0.771588794705389, 1.427838794705389, 1.740338794705389, 2.209088794705389, 2.521588794705389, 2.990338794705389, 3.302838794705389, 3.771588794705389, 4.177838794705389, 4.365338794705389, 4.789592341931216],[1.1910244138934794, 1.9722744138934794, 2.753524413893479, 3.476104296672175, 3.9780192380615227, 4.446769238061523, 4.915519238061522, 5.173331738061522, 5.173331738061522, 5.173331738061522, 5.173331738061522],[1.4015014976084044, 2.3724645011603442, 3.145697698556108, 3.713942522724152, 4.182692522724151, 4.604631670635142, 4.881216237325245, 4.920288882402479, 4.920288882402479, 4.920288882402479, 4.920288882402479],[1.6791915555917267, 2.7269907455327425, 3.5750076960142905, 4.32676990296103, 5.081002153865759, 5.515477007339129, 5.8854027190420695, 5.93258048144804, 5.93258048144804, 5.93258048144804, 5.93258048144804],[1.9505445840092652, 3.3835657521683604, 4.54065085106429, 5.200627160812563, 5.200627160812563, 5.200627160812563, 5.200627160812563, 5.200627160812563, 5.200627160812563, 5.200627160812563, 5.200627160812563],[4.284340955182817, 4.284340955182817, 4.284340955182817, 4.284340955182817, 4.284340955182817, 4.284340955182817, 4.284340955182817, 4.284340955182817, 4.284340955182817, 4.284340955182817, 4.284340955182817],[2.9538741240409596, 5.097356747982047, 5.431912634692606, 5.431912634692606, 5.431912634692606, 5.431912634692606, 5.431912634692606, 5.431912634692606, 5.431912634692606, 5.431912634692606, 5.431912634692606],[4.833457814211845, 5.535986752283625, 5.535986752283625, 5.535986752283625, 5.535986752283625, 5.535986752283625, 5.535986752283625, 5.535986752283625, 5.535986752283625, 5.535986752283625, 5.535986752283625],[4.861248171315055, 5.574357926032629, 5.574357926032629, 5.574357926032629, 5.574357926032629, 5.574357926032629, 5.574357926032629, 5.574357926032629, 5.574357926032629, 5.574357926032629, 5.574357926032629],[4.429925423043501, 4.429925423043501, 4.429925423043501, 4.429925423043501, 4.429925423043501, 4.429925423043501, 4.429925423043501, 4.429925423043501, 4.429925423043501, 4.429925423043501, 4.429925423043501],[5.2876558545744246, 5.2876558545744246, 5.2876558545744246, 5.2876558545744246, 5.2876558545744246, 5.2876558545744246, 5.2876558545744246, 5.2876558545744246, 5.2876558545744246, 5.2876558545744246, 5.2876558545744246],[5.189066068606542, 5.189066068606542, 5.189066068606542, 5.189066068606542, 5.189066068606542, 5.189066068606542, 5.189066068606542, 5.189066068606542, 5.189066068606542, 5.189066068606542, 5.189066068606542],[5.272401666228568, 5.272401666228568, 5.272401666228568, 5.272401666228568, 5.272401666228568, 5.272401666228568, 5.272401666228568, 5.272401666228568, 5.272401666228568, 5.272401666228568, 5.272401666228568],[5.728481958460672, 5.736779516655303, 5.736783961198561, 5.736783961215167, 5.736783961215165, 5.736783961215166, 5.736783961215166, 5.736783961215167, 5.736783961215167, 5.736783961215165, 5.736783961215166]
]
