
L = 4

[0.49999999999999994, 0.49999999999999994, 0.49999999999999994, 0.49999999999999994, 0.49999999999999994, 0.49999999999999994, 0.49999999999999994, 0.49999999999999994, 0.49999999999999994, 0.49999999999999994, 0.9999999999999999]
[0.49999999999999994, 0.49999999999999994, 0.49999999999999994, 0.49999999999999994, 0.49999999999999994, 0.49999999999999994, 1.0, 1.0, 1.0, 1.0, 1.5]
[0.49999999999999994, 0.49999999999999994, 0.49999999999999994, 0.49999999999999994, 0.49999999999999994, 0.49999999999999994, 1.0, 1.0, 1.0, 1.0, 1.5]
[0.5, 0.5, 0.5, 1.0, 1.0, 1.0, 1.5, 1.5, 1.5, 2.0, 2.0]
[0.4999999999999999, 0.4999999999999999, 0.4999999999999999, 0.9999999999999998, 0.9999999999999998, 0.9999999999999998, 0.9999999999999998, 0.9999999999999998, 0.9999999999999998, 0.9999999999999998, 0.9999999999999998]
[0.49999999999999994, 1.0, 1.0, 1.5, 1.5, 1.5, 1.5, 1.5, 1.5, 1.5, 1.5]
[0.4999999999999999, 0.9999999999999999, 0.9999999999999999, 1.5, 1.5, 1.5, 1.5, 1.5, 1.5, 1.5, 1.5]
[1.0, 1.5, 1.5, 1.5, 1.5, 1.5, 1.5, 1.5, 1.5, 1.5, 1.5]
[1.5, 1.5, 1.5, 1.5, 1.5, 1.5, 1.5, 1.5, 1.5, 1.5]

L = 5

[0.49999999999999994, 0.49999999999999994, 0.49999999999999994, 0.49999999999999994, 0.49999999999999994, 0.49999999999999994, 0.9999999999999999, 0.9999999999999999, 0.9999999999999999, 0.9999999999999999, 0.9999999999999999]
[0.49999999999999994, 0.49999999999999994, 0.49999999999999994, 0.49999999999999994, 0.49999999999999994, 0.49999999999999994, 0.9999999999999999, 0.9999999999999999, 0.9999999999999999, 0.9999999999999999, 0.9999999999999999]
[0.49999999999999994, 0.49999999999999994, 0.49999999999999994, 1.0, 1.0, 1.0, 1.0, 1.0, 1.0, 1.0, 1.0]
[0.4999999999999999, 0.4999999999999999, 0.4999999999999999, 1.0, 1.0, 1.0, 1.0, 1.0, 1.0, 1.0, 1.0]
[0.49999999999999994, 0.9999999999999999, 0.9999999999999999, 0.9999999999999999, 0.9999999999999999, 0.9999999999999999, 0.9999999999999999, 0.9999999999999999, 0.9999999999999999, 0.9999999999999999, 0.9999999999999999]
[0.49999999999999994, 1.0, 1.0, 1.0, 1.0, 1.0, 1.0, 1.0, 1.0, 1.0, 1.0]
[1.0, 1.0, 1.0, 1.0, 1.0, 1.0, 1.0, 1.0, 1.0, 1.0, 1.0]
[1.0, 1.0, 1.0, 1.0, 1.0, 1.0, 1.0, 1.0, 1.0, 1.0, 1.0]
[0.9999999999999999, 0.9999999999999999, 0.9999999999999999, 0.9999999999999999, 0.9999999999999999, 0.9999999999999999, 0.9999999999999999, 0.9999999999999999, 0.9999999999999999, 0.9999999999999999, 0.9999999999999999]
[1.0000000000000004, 1.0000000000000004, 1.0000000000000004, 1.0000000000000004, 1.0000000000000004, 1.0000000000000004, 1.0000000000000004, 1.0000000000000004, 1.0000000000000004, 1.0000000000000004, 1.0000000000000004]
[1.0, 1.0, 1.0, 1.0, 1.0, 1.0, 1.0, 1.0, 1.0, 1.0]

L = 6

[-6.406853007629837e-16, -6.406853007629837e-16, -6.406853007629837e-16, -6.406853007629837e-16, -6.406853007629837e-16, -6.406853007629837e-16, -6.406853007629837e-16, -6.406853007629837e-16, -6.406853007629837e-16, -6.406853007629837e-16, -6.406853007629837e-16]
[0.49999999999999994, 0.49999999999999994, 0.49999999999999994, 1.0, 1.0, 1.0, 1.5, 1.5, 1.5, 1.5, 1.5]
[0.5, 0.5, 0.5, 1.0, 1.0, 1.0, 1.375, 1.375, 1.375, 1.75, 2.5]
[0.5, 0.9755245584602701, 0.9755245584602701, 1.35052455846027, 1.72552455846027, 1.72552455846027, 1.97552455846027, 2.22552455846027, 2.22552455846027, 2.47552455846027, 2.900219009173214]
[0.4755245584602701, 0.8505245584602701, 0.8505245584602701, 1.10052455846027, 1.35052455846027, 1.35052455846027, 1.60052455846027, 1.85052455846027, 1.85052455846027, 2.10052455846027, 3.712719009173214]
[0.9056390622295665, 1.3036183589017414, 1.623778124459133, 2.264097655573916, 2.514097655573916, 2.764097655573916, 2.971052538352612, 3.127302538352612, 3.127302538352612, 3.127302538352612, 3.1273025383526116]
[0.6936520084542435, 1.0348434328705476, 1.3550031984279391, 1.944465112321418, 2.194465112321418, 2.444465112321418, 2.651419995100114, 3.0146248778788096, 3.1588161041957603, 3.2857310455851083, 3.9596289212854647]
[0.8587640622295666, 1.5884253205566934, 2.0352108324989526, 2.6560754808350406, 3.069985246392432, 3.616554777507215, 3.956169425843302, 4.252891691400694, 4.252891691400694, 4.252891691400694, 4.252891691400694]
[0.7158996080204736, 1.3445692701571552, 1.7379588482370696, 2.2857401338177934, 2.6253547821538805, 3.091884371879316, 3.345714254658012, 3.726459078826056, 4.033904440078121, 4.238868014246165, 4.91374881914391]
[1.5568945256172078, 2.5394243535197747, 3.3104677102768445, 3.9163398307743065, 4.3725285404197, 4.646118047797238, 4.646118047797236, 4.646118047797236, 4.646118047797236, 4.646118047797236, 4.646118047797236]
[1.6793348154557568, 2.677308489550267, 3.5751078717005234, 4.220291033570857, 4.220291033570856, 4.220291033570856, 4.220291033570856, 4.220291033570856, 4.220291033570856, 4.220291033570856, 4.220291033570856]
[2.7868401161238587, 4.229878419700755, 4.229878419700755, 4.229878419700755, 4.229878419700755, 4.229878419700755, 4.229878419700755, 4.229878419700755, 4.229878419700755, 4.229878419700755, 4.229878419700755]
[4.795652132890027, 4.905351155057548, 4.906065487191051, 4.906065915697573, 4.906065915697573, 4.906065915697574, 4.906065915697573, 4.906065915697573, 4.906065915697573, 4.906065915697573]

L = 7

[0.49999999999999994, 0.49999999999999994, 0.49999999999999994, 0.9999999999999999, 0.9999999999999999, 0.9999999999999999, 0.9999999999999999, 0.9999999999999999, 0.9999999999999999, 0.9999999999999999, 0.9999999999999999]
[0.5, 0.5, 0.5, 1.0, 1.0, 1.0, 1.5, 1.5, 1.5, 2.0, 2.0]
[0.5, 1.0, 1.0, 1.375, 1.75, 1.75, 2.125, 2.5, 2.5, 2.5, 2.5]
[0.4528195311147832, 0.9056390622295664, 0.9056390622295664, 1.3584585933443496, 1.7334585933443496, 1.7334585933443496, 2.1084585933443494, 2.3584585933443494, 2.3584585933443494, 2.6084585933443494, 2.8584585933443494]
[0.75, 1.125, 1.5, 2.0, 2.25, 2.5, 2.75, 3.15625, 3.3125, 3.46875, 3.625]
[0.6403195311147833, 0.9604792966721749, 1.2806390622295665, 1.850798827786958, 2.1007988277869583, 2.3507988277869583, 2.5577537105656543, 2.9716634761230454, 3.1279134761230454, 3.2841634761230454, 4.034163476123046]
[0.9230187023302698, 1.6033981131667623, 2.017307878724154, 2.638172527060241, 2.970065454721694, 3.409480396111042, 3.663310278889738, 4.044055103057782, 4.400959607813896, 4.438299797067209, 4.438299797067209]
[0.7924464487031463, 1.4693540496662436, 1.9060281407925388, 2.5268927891286266, 2.940802554686018, 3.4317302151646882, 3.7006315454040237, 4.081376369572068, 4.403942083999606, 4.533086750898276, 4.533086750898275]
[1.6625678994352926, 2.796910749297312, 3.663711548627861, 4.217515275506445, 4.217515275506445, 4.217515275506445, 4.217515275506445, 4.217515275506445, 4.217515275506445, 4.217515275506445, 4.217515275506445]
[1.6500404732150376, 2.7893365839160293, 3.677155454402131, 4.212418462939551, 4.212418462939552, 4.212418462939552, 4.212418462939552, 4.212418462939552, 4.212418462939552, 4.212418462939552, 4.212418462939552]
[3.321663222627021, 3.321663222627021, 3.321663222627021, 3.321663222627021, 3.321663222627021, 3.321663222627021, 3.321663222627021, 3.321663222627021, 3.321663222627021, 3.321663222627021, 3.321663222627021]
[2.72194795020367, 4.186015176579169, 4.18601517657917, 4.18601517657917, 4.18601517657917, 4.18601517657917, 4.18601517657917, 4.18601517657917, 4.18601517657917, 4.18601517657917, 4.18601517657917]
[3.8778102900236435, 4.680607934950611, 4.680607934950611, 4.680607934950611, 4.680607934950611, 4.680607934950611, 4.680607934950611, 4.680607934950611, 4.680607934950611, 4.680607934950611, 4.680607934950611]
[4.166360337516673, 4.166360337516673, 4.166360337516673, 4.166360337516673, 4.166360337516673, 4.166360337516673, 4.166360337516673, 4.166360337516673, 4.166360337516673, 4.166360337516673, 4.166360337516673]
[3.6426239914149767, 3.6426239914710257, 3.6426239914710252, 3.6426239914710257, 3.6426239914710252, 3.6426239914710252, 3.6426239914710252, 3.6426239914710257, 3.6426239914710257, 3.6426239914710252]

L = 8

[0.49999999999999994, 0.49999999999999994, 0.49999999999999994, 0.9999999999999999, 0.9999999999999999, 0.9999999999999999, 0.9999999999999999, 0.9999999999999999, 0.9999999999999999, 0.9999999999999999, 0.9999999999999999]
[0.5, 1.0, 1.0, 1.5, 2.0, 2.0, 2.0, 2.0, 2.0, 2.0, 2.0]
[0.375, 0.75, 0.75, 1.125, 1.5, 1.5, 1.875, 2.25, 2.25, 2.625, 3.0]
[0.8278195311147831, 1.2028195311147831, 1.5778195311147831, 2.077819531114783, 2.327819531114783, 2.577819531114783, 2.827819531114783, 3.327819531114783, 3.327819531114783, 3.327819531114783, 3.327819531114783]
[0.6403195311147832, 0.9357905339632215, 1.1857905339632215, 1.6857905339632215, 1.9357905339632215, 2.1857905339632215, 2.4357905339632215, 2.7482905339632215, 2.9045405339632215, 3.0607905339632215, 4.230796274133058]
[0.6854632160847213, 1.3063278644208087, 1.651220146919245, 2.119970146919245, 2.432470146919245, 2.901220146919245, 3.176951427261008, 3.458201427261008, 3.739451427261008, 3.926951427261008, 5.1262563939798635]
[0.6632885142336293, 1.2658405622894575, 1.610732844787894, 2.079482844787894, 2.375194044963547, 2.6813865372227825, 2.8688865372227825, 3.1501365372227825, 3.4313865372227825, 3.6188865372227825, 5.438089830683576]
[0.9168179236100746, 1.5254673836322388, 2.080132226098519, 2.5918030662242026, 3.061022867272822, 3.4690954445662356, 3.8449765480396065, 4.2158586405336145, 4.581091350578751, 4.85452885057875, 6.1592002309371185]
[1.1607718469822874, 1.9029245655008729, 2.5032228317495684, 3.0291892473776296, 3.4893536129187686, 3.907752080350511, 4.27863537721117, 4.604713106953, 4.951054589316655, 5.184063107094673, 5.736531267599069]
[1.0800484284125065, 1.9302269036216808, 2.6753753742043185, 3.347897973226574, 4.004641455788624, 4.550147434014941, 5.017959223970864, 5.37911979501864, 5.709308584488047, 5.968624578451719, 6.931553906056077]
[1.3669095290970275, 2.2840680710840076, 3.012360662791053, 3.6579558905217775, 4.278699402681989, 4.7652252426231545, 5.157736931125519, 5.4958417194869496, 5.793719995985606, 6.036485499615951, 6.702442490654396]
[2.0628895133576086, 3.3360541582167094, 4.485825731956844, 5.305215500761281, 5.797781519195959, 6.185821924406013, 6.583451043057366, 6.897933626193328, 6.949018304782584, 6.949018304782584, 6.949018304782585]
[2.1296564991189535, 3.8300240148685023, 5.33928190653951, 6.232286854397379, 6.273248750730318, 6.273248750730318, 6.273248750730317, 6.273248750730317, 6.273248750730318, 6.273248750730318, 6.273248750730318]
[3.2866933878322384, 5.284048997074479, 6.43168660881876, 6.9109052273777625, 6.926136964340849, 6.92613696434085, 6.9261369643408495, 6.92613696434085, 6.9261369643408495, 6.926136964340849, 6.92613696434085]
[3.7027738535998145, 6.2355267799351735, 6.324138366360652, 6.324138366360652, 6.324138366360652, 6.324138366360652, 6.324138366360652, 6.324138366360652, 6.324138366360652, 6.324138366360652, 6.324138366360652]
[5.256874387543669, 6.974786691037764, 7.000718341608799, 7.0007183416088, 7.000718341608799, 7.000718341608799, 7.000718341608799, 7.0007183416088, 7.000718341608798, 7.000718341608799, 7.000718341608799]
[7.167520275431816, 7.1964245873483526, 7.196486309024144, 7.196486311564588, 7.196486311564588, 7.1964863115645885, 7.1964863115645885, 7.196486311564588, 7.196486311564587, 7.196486311564588]

L = 9

[-6.406853007629837e-16, -6.406853007629837e-16, -6.406853007629837e-16, -6.406853007629837e-16, -6.406853007629837e-16, -6.406853007629837e-16, -6.406853007629837e-16, -6.406853007629837e-16, -6.406853007629837e-16, -6.406853007629837e-16, -6.406853007629837e-16]
[0.5, 1.0, 1.0, 1.5, 2.0, 2.0, 2.0, 2.0, 2.0, 2.0, 2.0]
[1.0, 1.375, 1.75, 2.5, 2.5, 2.5, 2.5, 2.5, 2.5, 2.5, 2.5]
[0.75, 1.125, 1.375, 1.875, 2.125, 2.375, 2.625, 3.125, 3.375, 3.625, 3.625]
[1.0944564530542944, 1.8444564530542944, 2.3444564530542946, 2.9069564530542946, 3.2194564530542946, 3.6882064530542946, 3.9501095045866075, 3.9501095045866075, 3.9501095045866075, 3.9501095045866075, 3.9501095045866075]
[0.75, 1.5, 1.9569548827786958, 2.577819531114783, 2.991729296672175, 3.4604792966721747, 3.7729792966721747, 4.116729296672174, 4.397979296672174, 4.491729296672174, 4.491729296672174]
[1.393040667855929, 2.225422529233656, 3.0066725292336565, 3.582079991340418, 4.050829991340418, 4.482634113540728, 4.760492186739317, 5.013582779065727, 5.078812749347977, 5.078812749347978, 5.078812749347978]
[1.417141110799899, 2.4370983610040042, 3.1596782437827007, 3.7942529507294407, 4.313317734015519, 4.664880234015519, 4.836755234015519, 4.836755234015519, 4.836755234015519, 4.836755234015519, 4.836755234015519]
[2.273297118480324, 3.616376087369323, 4.560477650062782, 5.046534358095169, 5.046534358095169, 5.046534358095169, 5.046534358095169, 5.046534358095169, 5.046534358095169, 5.046534358095169, 5.046534358095169]
[2.2581347812534793, 3.8764744303051155, 4.717492416817059, 4.818128825758581, 4.818128825758581, 4.818128825758581, 4.818128825758581, 4.818128825758581, 4.818128825758581, 4.818128825758581, 4.818128825758581]
[3.6167047590517383, 4.978036806034284, 5.051161711165182, 5.051161711165182, 5.051161711165182, 5.051161711165182, 5.051161711165182, 5.051161711165182, 5.051161711165182, 5.051161711165182, 5.051161711165182]
[3.0427112379432164, 4.998711677690737, 5.512303427165209, 5.512303427165209, 5.512303427165209, 5.512303427165209, 5.512303427165209, 5.512303427165209, 5.512303427165209, 5.512303427165209, 5.512303427165209]
[5.116389507576825, 5.116389507576825, 5.116389507576825, 5.116389507576825, 5.116389507576825, 5.116389507576825, 5.116389507576825, 5.116389507576825, 5.116389507576825, 5.116389507576825, 5.116389507576825]
[5.2281402082094495, 5.2281402082094495, 5.2281402082094495, 5.2281402082094495, 5.2281402082094495, 5.2281402082094495, 5.2281402082094495, 5.2281402082094495, 5.2281402082094495, 5.2281402082094495, 5.2281402082094495]
[5.777293885400813, 5.777293885400813, 5.777293885400813, 5.777293885400813, 5.777293885400813, 5.777293885400813, 5.777293885400813, 5.777293885400813, 5.777293885400813, 5.777293885400813, 5.777293885400813]
[5.303638523563583, 5.303638523563583, 5.303638523563583, 5.303638523563583, 5.303638523563583, 5.303638523563583, 5.303638523563583, 5.303638523563583, 5.303638523563583, 5.303638523563583, 5.303638523563583]
[5.418258082012143, 5.418258082012143, 5.418258082012143, 5.418258082012143, 5.418258082012143, 5.418258082012143, 5.418258082012143, 5.418258082012143, 5.418258082012143, 5.418258082012143, 5.418258082012143]
[5.126146298008742, 5.126146298008742, 5.126146298008742, 5.126146298008742, 5.126146298008742, 5.126146298008742, 5.126146298008742, 5.126146298008742, 5.126146298008742, 5.126146298008742, 5.126146298008742]
[5.190401424258882, 5.190401424258882, 5.190401424258882, 5.190401424258882, 5.190401424258883, 5.190401424258882, 5.190401424258883, 5.190401424258882, 5.190401424258882, 5.190401424258883]
