
L = 4

[
[0.49999999999999994, 0.49999999999999994, 0.49999999999999994, 0.49999999999999994, 0.49999999999999994, 0.49999999999999994, 0.49999999999999994, 0.49999999999999994, 0.49999999999999994, 0.49999999999999994, 0.9999999999999999],[0.49999999999999994, 0.49999999999999994, 0.49999999999999994, 0.49999999999999994, 0.49999999999999994, 0.49999999999999994, 1.0, 1.0, 1.0, 1.0, 1.5],[0.49999999999999994, 0.49999999999999994, 0.49999999999999994, 0.49999999999999994, 0.49999999999999994, 0.49999999999999994, 1.0, 1.0, 1.0, 1.0, 1.5],[0.5, 0.5, 0.5, 1.0, 1.0, 1.0, 1.5, 1.5, 1.5, 2.0, 2.0],[0.5, 0.5, 0.5, 1.0, 1.0, 1.0, 1.5, 1.5, 1.5, 2.0, 2.0],[0.5, 1.0, 1.0, 1.5, 1.5, 1.5, 1.5, 1.5, 1.5, 1.5, 1.5],[0.49999999999999983, 0.9999999999999998, 0.9999999999999998, 1.4999999999999998, 1.4999999999999998, 1.4999999999999998, 1.4999999999999998, 1.4999999999999998, 1.4999999999999998, 1.4999999999999998, 1.4999999999999998],[1.0, 1.5, 1.5, 1.5, 1.5, 1.5, 1.5, 1.5, 1.5, 1.5, 1.5],[0.9999999999999999, 1.5, 1.5, 1.5, 1.5, 1.5, 1.5, 1.5, 1.5, 1.5, 1.5]
]

L = 5

[
[0.49999999999999994, 0.49999999999999994, 0.49999999999999994, 0.49999999999999994, 0.49999999999999994, 0.49999999999999994, 0.9999999999999999, 0.9999999999999999, 0.9999999999999999, 0.9999999999999999, 0.9999999999999999],[0.49999999999999994, 0.49999999999999994, 0.49999999999999994, 0.49999999999999994, 0.49999999999999994, 0.49999999999999994, 0.9999999999999999, 0.9999999999999999, 0.9999999999999999, 0.9999999999999999, 0.9999999999999999],[0.49999999999999994, 0.49999999999999994, 0.49999999999999994, 0.9999999999999999, 0.9999999999999999, 0.9999999999999999, 0.9999999999999999, 0.9999999999999999, 0.9999999999999999, 0.9999999999999999, 0.9999999999999999],[0.49999999999999994, 0.49999999999999994, 0.49999999999999994, 1.0, 1.0, 1.0, 1.0, 1.0, 1.0, 1.0, 1.0],[3.203426503814918e-16, 3.203426503814918e-16, 3.203426503814918e-16, 3.203426503814918e-16, 3.203426503814918e-16, 3.203426503814918e-16, 3.203426503814918e-16, 3.203426503814918e-16, 3.203426503814918e-16, 3.203426503814918e-16, 3.203426503814918e-16],[0.49999999999999994, 1.0, 1.0, 1.0, 1.0, 1.0, 1.0, 1.0, 1.0, 1.0, 1.0],[0.9999999999999998, 0.9999999999999998, 0.9999999999999998, 0.9999999999999998, 0.9999999999999998, 0.9999999999999998, 0.9999999999999998, 0.9999999999999998, 0.9999999999999998, 0.9999999999999998, 0.9999999999999998],[1.0000000000000002, 1.0000000000000002, 1.0000000000000002, 1.0000000000000002, 1.0000000000000002, 1.0000000000000002, 1.0000000000000002, 1.0000000000000002, 1.0000000000000002, 1.0000000000000002, 1.0000000000000002],[-6.406853007629837e-16, -6.406853007629837e-16, -6.406853007629837e-16, -6.406853007629837e-16, -6.406853007629837e-16, -6.406853007629837e-16, -6.406853007629837e-16, -6.406853007629837e-16, -6.406853007629837e-16, -6.406853007629837e-16, -6.406853007629837e-16],[0.9999999999999993, 0.9999999999999993, 0.9999999999999993, 0.9999999999999993, 0.9999999999999993, 0.9999999999999993, 0.9999999999999993, 0.9999999999999993, 0.9999999999999993, 0.9999999999999993, 0.9999999999999993],[1.0, 1.0, 1.0, 1.0, 1.0, 1.0, 1.0, 1.0, 1.0, 1.0, 1.0]
]

L = 6

[
[0.49999999999999994, 0.49999999999999994, 0.49999999999999994, 0.49999999999999994, 0.49999999999999994, 0.49999999999999994, 0.9999999999999999, 0.9999999999999999, 0.9999999999999999, 0.9999999999999999, 0.9999999999999999],[0.49999999999999994, 0.49999999999999994, 0.49999999999999994, 1.0, 1.0, 1.0, 1.5, 1.5, 1.5, 1.5, 1.5],[0.5, 0.5, 0.5, 1.0, 1.0, 1.0, 1.375, 1.375, 1.375, 1.75, 2.5],[0.4273148814000081, 0.8023148814000081, 0.8023148814000081, 1.177314881400008, 1.552314881400008, 1.552314881400008, 1.927314881400008, 2.302314881400008, 2.302314881400008, 2.677314881400008, 3.0559534860365503],[0.375, 0.6951597655573916, 0.6951597655573916, 1.0153195311147831, 1.3354792966721747, 1.3354792966721747, 1.6556390622295662, 1.9056390622295662, 1.9056390622295662, 2.1556390622295662, 3.7806390622295667],[0.6951597655573916, 1.0153195311147831, 1.3354792966721747, 1.9757988277869578, 2.225798827786958, 2.475798827786958, 2.6827537105656534, 3.0966634761230454, 3.3036183589017414, 3.5105732416804374, 3.7175281244591325],[0.530408139108303, 0.777478163425517, 1.0067634411254918, 1.4430036016041625, 1.6499584843828583, 1.8569133671615543, 2.06386824994025, 2.4777780154976417, 2.6340280154976417, 2.7902780154976417, 4.684970528598612],[0.8765718005190648, 1.601654052607398, 1.9861213886672955, 2.4955433611714266, 2.830906115066735, 3.311052542015866, 3.594217483405214, 3.974962307573258, 4.210252740850531, 4.360605182239879, 4.6217925200298495],[0.8495738393621763, 1.622750682270034, 2.1024119405971606, 2.6798251075999073, 2.9920194343855715, 3.4126386097570545, 3.671050340137999, 4.051795164306043, 4.296301523850705, 4.407390415173569, 4.515913865580312],[1.5317342389276423, 2.644913050343796, 3.6202667707602445, 4.276108789177738, 4.276108789177738, 4.276108789177738, 4.276108789177738, 4.276108789177738, 4.276108789177738, 4.276108789177738, 4.276108789177738],[1.5022627197551184, 2.6334955424770374, 3.5808119320414464, 4.289298885499644, 4.289298885499644, 4.289298885499644, 4.289298885499644, 4.289298885499644, 4.289298885499644, 4.289298885499644, 4.289298885499644],[2.5309063392947655, 3.9178050383631677, 4.660934657202995, 4.660934657202996, 4.660934657202996, 4.660934657202996, 4.660934657202996, 4.660934657202996, 4.660934657202996, 4.660934657202996, 4.660934657202996],[2.360620688891761, 3.717261784676231, 4.538228360715514, 4.808976342933569, 4.93834613454059, 4.972303816147571, 4.9872377031360235, 4.996021108975652, 5.0003565751071095, 5.00119382935313, 5.001462630549128]
]

L = 7

[
[-6.406853007629837e-16, -6.406853007629837e-16, -6.406853007629837e-16, -6.406853007629837e-16, -6.406853007629837e-16, -6.406853007629837e-16, -6.406853007629837e-16, -6.406853007629837e-16, -6.406853007629837e-16, -6.406853007629837e-16, -6.406853007629837e-16],[0.5, 0.5, 0.5, 1.0, 1.0, 1.0, 1.5, 1.5, 1.5, 2.0, 2.0],[0.5, 1.0, 1.0, 1.375, 1.75, 1.75, 2.125, 2.5, 2.5, 2.5, 2.5],[0.5, 0.875, 0.875, 1.25, 1.625, 1.625, 1.875, 2.125, 2.125, 2.375, 3.125],[0.75, 1.0701597655573916, 1.3903195311147831, 2.0306390622295662, 2.350798827786958, 2.6709585933443494, 2.991118358901741, 3.3112781244591325, 3.3112781244591325, 3.3112781244591325, 3.3112781244591325],[0.8119679969940595, 1.1869679969940594, 1.5619679969940594, 2.2313233179514005, 2.4813233179514005, 2.7313233179514005, 2.938278200730096, 3.250778200730096, 3.360217617168532, 3.360217617168532, 3.360217617168532],[0.8892106876994197, 1.57415713487339, 1.9667206743495558, 2.4354706743495558, 2.7479706743495558, 3.188652460221417, 3.442482343000113, 3.7435081271642647, 4.024758127164264, 4.212258127164264, 4.749282289771964],[0.7744696365852443, 1.4365875119084635, 1.850497277465855, 2.4713619258019417, 2.8269565162087558, 3.3207862625091136, 3.6047590402090885, 3.9855038643771326, 4.333083747155827, 4.479293023710453, 4.666942635888266],[1.5665895564170436, 2.531102430290871, 3.2966698337839815, 3.9312445407307215, 4.453525399750692, 4.604307615909515, 4.604307615909515, 4.604307615909515, 4.604307615909515, 4.604307615909515, 4.604307615909515],[2.1491673578136163, 3.2459531707569087, 3.2459531707569087, 3.2459531707569087, 3.2459531707569087, 3.2459531707569087, 3.2459531707569087, 3.2459531707569087, 3.2459531707569087, 3.2459531707569087, 3.2459531707569087],[2.7889481554590265, 4.227306166378686, 4.227306166378686, 4.227306166378686, 4.227306166378686, 4.227306166378686, 4.227306166378686, 4.227306166378686, 4.227306166378686, 4.227306166378686, 4.227306166378686],[3.2898961468517767, 3.2898961468517767, 3.2898961468517767, 3.2898961468517767, 3.2898961468517767, 3.2898961468517767, 3.2898961468517767, 3.2898961468517767, 3.2898961468517767, 3.2898961468517767, 3.2898961468517767],[4.160970634919429, 4.160970634919428, 4.160970634919428, 4.160970634919428, 4.160970634919428, 4.160970634919428, 4.160970634919428, 4.160970634919428, 4.160970634919428, 4.160970634919428, 4.160970634919428],[3.9718680916779867, 4.56161219082185, 4.56161219082185, 4.56161219082185, 4.56161219082185, 4.56161219082185, 4.56161219082185, 4.56161219082185, 4.56161219082185, 4.56161219082185, 4.56161219082185],[3.713525633139628, 4.686433864469583, 4.982409754401623, 5.044310523278509, 5.052784950470306, 5.0539269841610155, 5.054083034166694, 5.054083632302493, 5.05408363450571, 5.054083634512157, 5.054083634512156]
]

L = 8

[
[0.49999999999999994, 0.49999999999999994, 0.49999999999999994, 0.9999999999999999, 0.9999999999999999, 0.9999999999999999, 0.9999999999999999, 0.9999999999999999, 0.9999999999999999, 0.9999999999999999, 0.9999999999999999],[0.5, 1.0, 1.0, 1.5, 2.0, 2.0, 2.0, 2.0, 2.0, 2.0, 2.0],[0.375, 0.75, 0.75, 1.125, 1.5, 1.5, 1.875, 2.25, 2.25, 2.625, 3.0],[0.75, 1.0, 1.25, 1.75, 2.0, 2.25, 2.5, 3.0, 3.25, 3.5, 3.75],[0.5454710028484382, 0.7954710028484382, 1.0454710028484382, 1.5454710028484382, 1.7017210028484382, 1.8579710028484382, 2.0142210028484384, 2.3267210028484384, 2.4829710028484384, 2.6392210028484384, 4.590476743018275],[0.6939766712990914, 1.2885623833129602, 1.6658469483098328, 2.1345969483098326, 2.4470969483098326, 2.899546506463307, 3.087046506463307, 3.368296506463307, 3.649546506463307, 3.837046506463307, 5.177000600835517],[0.6433999436555078, 1.1868777219219284, 1.510655526387131, 1.9455959654414283, 2.199425848220124, 2.580170672388168, 2.834000555166864, 3.214745379334908, 3.5774297786574376, 3.7853291927408033, 5.392779927751823],[1.2654813236718334, 2.0272840896455864, 2.6956030911736004, 3.2877565633103063, 3.756506563310306, 4.213684774998657, 4.581351394202501, 4.8547888942025015, 5.146728026395575, 5.302978026395574, 5.40622556479933],[0.8708106219191869, 1.4881769876412119, 2.046901074071383, 2.565081487166584, 3.0424009882497756, 3.5020660576747695, 3.8858383122693123, 4.228514542074495, 4.601999735642129, 4.875437235642129, 6.168527440518076],[1.4728066082248823, 2.5002820576706535, 3.345891035232542, 3.986032131876599, 4.570116377214034, 5.004591230687405, 5.407924873328904, 5.718757878791819, 5.993619868216872, 6.1859591050665585, 6.429368124379888],[1.4574486565211886, 2.450155246878838, 3.276909940531957, 3.974047897208906, 4.628798459109415, 5.1391385507069405, 5.554026338483444, 5.868919476288128, 6.113143942002783, 6.265537841668391, 6.366839214880281],[1.9975995894469418, 3.482953864125002, 4.739698940578339, 5.5925360317382715, 6.191478381262423, 6.5271950535365875, 6.730714922039489, 6.774269952873327, 6.774269952873328, 6.774269952873327, 6.774269952873327],[2.3031649459252144, 3.7006859266360794, 4.730910515694671, 5.499106095171704, 6.03209929958972, 6.39608353930026, 6.639745105823538, 6.67460541374107, 6.674605413741071, 6.674605413741071, 6.674605413741071],[3.388956326941511, 5.405332506386935, 6.520117498414718, 6.841690445422926, 6.841690445422925, 6.841690445422925, 6.841690445422926, 6.841690445422926, 6.841690445422925, 6.841690445422925, 6.841690445422926],[3.6315654320472186, 5.457660186768389, 6.414488989687546, 6.7546589506461565, 6.7546589506461565, 6.754658950646156, 6.754658950646156, 6.754658950646156, 6.7546589506461565, 6.7546589506461565, 6.754658950646156],[6.223152057767253, 6.313781324276519, 6.313781324276519, 6.313781324276519, 6.313781324276519, 6.313781324276519, 6.313781324276519, 6.313781324276519, 6.313781324276519, 6.313781324276519, 6.313781324276519],[5.868368307005604, 6.640300532179342, 6.687588595321925, 6.6991464492867685, 6.699913141707552, 6.699978962895667, 6.699980734536844, 6.699980741539071, 6.699980741559734, 6.699980741559733, 6.699980741559734]
]

L = 9

[
[0.49999999999999994, 0.9999999999999999, 0.9999999999999999, 0.9999999999999999, 0.9999999999999999, 0.9999999999999999, 0.9999999999999999, 0.9999999999999999, 0.9999999999999999, 0.9999999999999999, 0.9999999999999999],[0.311278124459133, 0.8112781244591329, 0.8112781244591329, 0.8112781244591329, 0.8112781244591329, 0.8112781244591329, 0.8112781244591329, 0.8112781244591329, 0.8112781244591329, 0.8112781244591329, 0.8112781244591329],[0.875, 1.25, 1.625, 2.375, 2.75, 2.75, 2.75, 2.75, 2.75, 2.75, 2.75],[0.8023148814000081, 1.177314881400008, 1.552314881400008, 2.052314881400008, 2.302314881400008, 2.552314881400008, 2.802314881400008, 3.302314881400008, 3.4309534860365503, 3.4309534860365503, 3.4309534860365503],[1.0701597655573916, 1.8201597655573916, 2.3201597655573916, 2.7889097655573916, 3.1014097655573916, 3.5701597655573916, 3.8826597655573916, 4.038909765557392, 4.038909765557392, 4.038909765557392, 4.038909765557392],[0.8889051662941254, 1.5616835423933737, 1.9755933079507655, 2.4443433079507657, 2.7568433079507657, 3.225593307950766, 3.538093307950766, 4.006843307950766, 4.324198670842334, 4.511698670842334, 4.560952218068161],[1.1492881841557954, 1.9305381841557954, 2.7075441219670733, 3.3148380460853097, 3.7835880460853097, 4.25233804608531, 4.72108804608531, 5.0609661966284465, 5.319189093575632, 5.3391176728529315, 5.3391176728529315],[1.2877051621940552, 2.109627134698187, 2.8322070174768825, 3.4667817244236225, 4.0018616072023185, 4.4706116072023185, 4.8650664899810145, 5.128513218296798, 5.166136174518873, 5.166136174518873, 5.166136174518873],[1.9384726290349357, 3.2076220429284152, 4.223777794258325, 4.952395503395049, 5.428255086927229, 5.451090206273003, 5.451090206273003, 5.451090206273003, 5.451090206273003, 5.451090206273003, 5.451090206273003],[2.214081946831327, 3.559673424647066, 4.359422288554933, 5.1351778239822385, 5.1351778239822385, 5.1351778239822385, 5.1351778239822385, 5.1351778239822385, 5.1351778239822385, 5.1351778239822385, 5.1351778239822385],[3.641811681244097, 4.973074340094071, 4.973074340094071, 4.973074340094071, 4.973074340094071, 4.973074340094071, 4.973074340094071, 4.973074340094071, 4.973074340094071, 4.973074340094071, 4.973074340094071],[3.0353909863340727, 5.041190810671054, 5.503601397066175, 5.503601397066175, 5.503601397066175, 5.503601397066175, 5.503601397066175, 5.503601397066175, 5.503601397066175, 5.503601397066175, 5.503601397066175],[4.910518712287933, 4.910518712287933, 4.910518712287933, 4.910518712287933, 4.910518712287933, 4.910518712287933, 4.910518712287933, 4.910518712287933, 4.910518712287933, 4.910518712287933, 4.910518712287933],[4.681850122116632, 4.681850122116632, 4.681850122116632, 4.681850122116632, 4.681850122116632, 4.681850122116632, 4.681850122116632, 4.681850122116632, 4.681850122116632, 4.681850122116632, 4.681850122116632],[5.652696209514014, 5.652696209514014, 5.652696209514014, 5.652696209514014, 5.652696209514014, 5.652696209514014, 5.652696209514014, 5.652696209514014, 5.652696209514014, 5.652696209514014, 5.652696209514014],[5.188379719688449, 5.188379719688449, 5.188379719688449, 5.188379719688449, 5.188379719688449, 5.188379719688449, 5.188379719688449, 5.188379719688449, 5.188379719688449, 5.188379719688449, 5.188379719688449],[4.280244954448216, 4.280244954448216, 4.280244954448216, 4.280244954448216, 4.280244954448216, 4.280244954448216, 4.280244954448216, 4.280244954448216, 4.280244954448216, 4.280244954448216, 4.280244954448216],[5.2277707367197905, 5.2277707367197905, 5.2277707367197905, 5.2277707367197905, 5.2277707367197905, 5.2277707367197905, 5.2277707367197905, 5.2277707367197905, 5.2277707367197905, 5.2277707367197905, 5.2277707367197905],[5.603600290836428, 5.608570610982602, 5.608573662600363, 5.60857366308041, 5.60857366308041, 5.608573663080409, 5.608573663080411, 5.608573663080411, 5.608573663080411, 5.60857366308041, 5.608573663080411]
]
