
L = 4

[
[0.49999999999999994, 0.49999999999999994, 0.49999999999999994, 0.49999999999999994, 0.49999999999999994, 0.49999999999999994, 0.49999999999999994, 0.49999999999999994, 0.49999999999999994, 0.49999999999999994, 0.9999999999999999],[0.5, 0.5, 0.5, 0.5, 0.5, 0.5, 1.0, 1.0, 1.0, 1.0, 2.0],[0.49999999999999994, 0.49999999999999994, 0.49999999999999994, 0.49999999999999994, 0.49999999999999994, 0.49999999999999994, 1.0, 1.0, 1.0, 1.0, 1.5],[0.49999999999999994, 0.49999999999999994, 0.49999999999999994, 1.0, 1.0, 1.0, 1.5, 1.5, 1.5, 1.5, 1.5],[0.5, 0.5, 0.5, 1.0, 1.0, 1.0, 1.5, 1.5, 1.5, 2.0, 2.0],[0.49999999999999994, 1.0, 1.0, 1.5, 1.5, 1.5, 1.5, 1.5, 1.5, 1.5, 1.5],[0.49999999999999983, 1.0, 1.0, 1.5, 1.5, 1.5, 1.5, 1.5, 1.5, 1.5, 1.5],[1.0, 1.5, 2.0, 2.0, 2.0, 2.0, 2.0, 2.0, 2.0, 2.0, 2.0],[1.0, 1.5, 2.0, 2.0, 2.0, 1.9999999999999998, 1.9999999999999998, 1.9999999999999998, 1.9999999999999998, 1.9999999999999998, 1.9999999999999998]
]

L = 5

[
[-6.406853007629837e-16, -6.406853007629837e-16, -6.406853007629837e-16, -6.406853007629837e-16, -6.406853007629837e-16, -6.406853007629837e-16, -6.406853007629837e-16, -6.406853007629837e-16, -6.406853007629837e-16, -6.406853007629837e-16, -6.406853007629837e-16],[0.49999999999999994, 0.49999999999999994, 0.49999999999999994, 0.49999999999999994, 0.49999999999999994, 0.49999999999999994, 1.0, 1.0, 1.0, 1.0, 1.0],[0.49999999999999994, 0.49999999999999994, 0.49999999999999994, 0.9999999999999999, 0.9999999999999999, 0.9999999999999999, 0.9999999999999999, 0.9999999999999999, 0.9999999999999999, 0.9999999999999999, 0.9999999999999999],[0.49999999999999994, 0.49999999999999994, 0.49999999999999994, 1.0, 1.0, 1.0, 1.0, 1.0, 1.0, 1.0, 1.0],[0.49999999999999994, 1.0, 1.0, 1.0, 1.0, 1.0, 1.0, 1.0, 1.0, 1.0, 1.0],[0.5, 1.0, 1.0, 1.0, 1.0, 1.0, 1.0, 1.0, 1.0, 1.0, 1.0],[0.9999999999999998, 0.9999999999999998, 0.9999999999999998, 0.9999999999999998, 0.9999999999999998, 0.9999999999999998, 0.9999999999999998, 0.9999999999999998, 0.9999999999999998, 0.9999999999999998, 0.9999999999999998],[1.0, 1.0, 1.0, 1.0, 1.0, 1.0, 1.0, 1.0, 1.0, 1.0, 1.0],[-6.406853007629837e-16, -6.406853007629837e-16, -6.406853007629837e-16, -6.406853007629837e-16, -6.406853007629837e-16, -6.406853007629837e-16, -6.406853007629837e-16, -6.406853007629837e-16, -6.406853007629837e-16, -6.406853007629837e-16, -6.406853007629837e-16],[1.0, 1.0, 1.0, 1.0, 1.0, 1.0, 1.0, 1.0, 1.0, 1.0, 1.0],[0.9999999999999999, 0.9999999999999999, 0.9999999999999999, 0.9999999999999999, 0.9999999999999999, 0.9999999999999999, 0.9999999999999999, 0.9999999999999999, 0.9999999999999999, 0.9999999999999999, 0.9999999999999999]
]

L = 6

[
[0.49999999999999994, 0.49999999999999994, 0.49999999999999994, 0.49999999999999994, 0.49999999999999994, 0.49999999999999994, 0.9999999999999999, 0.9999999999999999, 0.9999999999999999, 0.9999999999999999, 0.9999999999999999],[0.5, 0.5, 0.5, 1.0, 1.0, 1.0, 1.5, 1.5, 1.5, 2.0, 2.0],[0.5, 0.5, 0.5, 1.0, 1.0, 1.0, 1.375, 1.375, 1.375, 1.75, 2.5],[0.375, 0.75, 0.75, 1.125, 1.375, 1.375, 1.625, 1.875, 1.875, 2.125, 3.625],[0.3201597655573916, 0.6403195311147831, 0.6403195311147831, 0.9357905339632214, 1.1857905339632215, 1.1857905339632215, 1.4357905339632215, 1.6857905339632215, 1.6857905339632215, 1.9357905339632215, 4.293296274133058],[0.6403195311147831, 0.9604792966721747, 1.2104792966721747, 1.7104792966721747, 1.9604792966721747, 2.2104792966721747, 2.4360546101114013, 2.8499643756687933, 3.0062143756687933, 3.1624643756687933, 4.2244438145228695],[0.6887904239522933, 0.9975342070590267, 1.2668363553951143, 1.8013876271224616, 2.0513876271224616, 2.3013876271224616, 2.5083425099011576, 2.9222522754585496, 3.1292071582372456, 3.318568140986478, 4.061516814746663],[0.7744696365852441, 1.4142571169871843, 1.828166882544576, 2.449031530880663, 2.804626121287478, 3.3140480937916097, 3.610249580605867, 3.990994404773911, 4.338574287552606, 4.484783564107232, 4.672433176285045],[0.8428718919455322, 1.5774843105483838, 2.0571455688755105, 2.744702906795271, 3.192429615551468, 3.767071265697012, 3.996467994170382, 4.201431568338426, 4.201431568338426, 4.201431568338426, 4.201431568338426],[1.4342248007766907, 2.2846981430848747, 2.914487702790208, 3.489494217056058, 4.032563365405263, 4.544972300825373, 4.954899449161459, 4.954899449161459, 4.954899449161459, 4.954899449161459, 4.954899449161459],[1.6699427071031618, 2.669910077022073, 3.58133623029845, 4.228144558525474, 4.228144558525475, 4.228144558525475, 4.228144558525475, 4.228144558525475, 4.228144558525475, 4.228144558525475, 4.228144558525475],[3.317227007801613, 3.3172270078016126, 3.3172270078016126, 3.3172270078016126, 3.3172270078016126, 3.3172270078016126, 3.3172270078016126, 3.3172270078016126, 3.3172270078016126, 3.3172270078016126, 3.3172270078016126],[2.476148607756137, 4.0946655331148145, 4.540552689386539, 4.679944869828252, 4.702685319316095, 4.709039395841637, 4.709325814989181, 4.709349991324085, 4.709352856698398, 4.709352947595193, 4.709352947667593]
]

L = 7

[
[0.49999999999999994, 0.49999999999999994, 0.49999999999999994, 0.9999999999999999, 0.9999999999999999, 0.9999999999999999, 0.9999999999999999, 0.9999999999999999, 0.9999999999999999, 0.9999999999999999, 0.9999999999999999],[0.5, 0.5, 0.5, 1.0, 1.0, 1.0, 1.5, 1.5, 1.5, 2.0, 2.0],[0.375, 0.75, 0.75, 1.125, 1.5, 1.5, 1.875, 2.25, 2.25, 2.625, 3.0],[0.375, 0.75, 0.75, 1.125, 1.375, 1.375, 1.625, 1.875, 1.875, 2.125, 3.625],[0.7060025339689486, 1.0014735368173868, 1.296944539665825, 1.796944539665825, 2.0469445396658252, 2.2969445396658252, 2.5469445396658252, 2.8594445396658252, 3.0156945396658252, 3.1719445396658252, 4.112885353456316],[0.7934487351738497, 1.1684487351738497, 1.4886085007312415, 2.096117633875558, 2.3834670014624826, 2.633467001462483, 2.883467001462483, 3.2973767670198746, 3.4536267670198746, 3.4536267670198746, 3.453626767019875],[0.8261196900966892, 1.5709107477954634, 2.0111941909673288, 2.6177322234289453, 2.9552334830279956, 3.4239834830279956, 3.7364834830279956, 4.064902500606854, 4.346152500606854, 4.4423378299480945, 4.537938335837541],[0.8909142099903709, 1.51252530206525, 1.9264350676226418, 2.536073981994735, 2.862131306162779, 3.308054692518999, 3.5769560227583344, 3.9577008469263784, 4.280626780122902, 4.43097922151225, 4.601966092224039],[1.7366434856524309, 2.901190280514764, 3.718777489416877, 4.099522313584921, 4.09952231358492, 4.09952231358492, 4.09952231358492, 4.09952231358492, 4.09952231358492, 4.09952231358492, 4.09952231358492],[1.621284414799417, 2.6706754115014077, 3.4024733347571505, 4.0104586351349525, 4.408889920346984, 4.525502600217999, 4.525502600217999, 4.525502600217999, 4.525502600217999, 4.525502600217999, 4.525502600217999],[2.632130564248344, 4.287608459285232, 4.287608459285233, 4.287608459285233, 4.287608459285233, 4.287608459285233, 4.287608459285233, 4.287608459285233, 4.287608459285233, 4.287608459285233, 4.287608459285233],[2.633910783970665, 4.291190920129437, 4.291190920129437, 4.291190920129437, 4.291190920129437, 4.291190920129437, 4.291190920129437, 4.291190920129437, 4.291190920129437, 4.291190920129437, 4.291190920129437],[3.91970801319719, 4.639837802464158, 4.639837802464158, 4.639837802464158, 4.639837802464158, 4.639837802464158, 4.639837802464158, 4.639837802464158, 4.639837802464158, 4.639837802464158, 4.639837802464158],[4.242241086239955, 4.2422410862399555, 4.2422410862399555, 4.2422410862399555, 4.2422410862399555, 4.2422410862399555, 4.2422410862399555, 4.2422410862399555, 4.2422410862399555, 4.2422410862399555, 4.2422410862399555],[3.604015437403839, 4.797279600081485, 5.092144152745799, 5.165328366278539, 5.185728879947282, 5.192085067825467, 5.194165088793646, 5.194635646948519, 5.1946875657686755, 5.194689052699927, 5.194689144519986]
]

L = 8

[
[-6.406853007629837e-16, -6.406853007629837e-16, -6.406853007629837e-16, -6.406853007629837e-16, -6.406853007629837e-16, -6.406853007629837e-16, -6.406853007629837e-16, -6.406853007629837e-16, -6.406853007629837e-16, -6.406853007629837e-16, -6.406853007629837e-16],[0.5, 1.0, 1.0, 1.5, 2.0, 2.0, 2.0, 2.0, 2.0, 2.0, 2.0],[0.5242724216239032, 0.8992724216239032, 0.8992724216239032, 1.2742724216239032, 1.6492724216239032, 1.6492724216239032, 2.024272421623903, 2.300438018346428, 2.300438018346428, 2.300438018346428, 2.300438018346428],[0.75, 1.125, 1.375, 1.875, 2.125, 2.375, 2.625, 3.125, 3.375, 3.625, 3.625],[0.5909420056968766, 0.8409420056968766, 1.0909420056968766, 1.4971920056968766, 1.6534420056968766, 1.8096920056968768, 1.9659420056968768, 2.278442005696877, 2.434692005696877, 2.590942005696877, 4.618453486036551],[0.6716165305435134, 1.237543378038822, 1.6148279430356947, 2.115970225534131, 2.428470225534131, 2.897220225534131, 3.084720225534131, 3.365970225534131, 3.647220225534131, 3.834720225534131, 5.225601045543404],[0.5798263041651834, 1.0485763041651834, 1.3610763041651834, 1.8149450920378978, 2.0687749748165936, 2.3921045663344627, 2.5796045663344627, 2.8608545663344627, 3.1421045663344627, 3.3296045663344627, 5.662187740510012],[1.3757116661998485, 2.410486080093328, 3.445260493986807, 4.383164111939353, 4.383164111939352, 4.383164111939352, 4.383164111939352, 4.383164111939352, 4.383164111939352, 4.383164111939352, 4.383164111939352],[0.9996096477811909, 1.697321921721365, 2.3347922961209595, 2.8548418528207624, 3.3270745156644916, 3.740185559658835, 4.109661703835414, 4.44206012005723, 4.80030390238937, 5.0450070326727765, 5.969146351733069],[1.1023306763346339, 1.9383453129823711, 2.7005425973184027, 3.397434650531185, 4.092125336567437, 4.62500908200085, 5.0916423561730415, 5.510426294144359, 5.8942383436455295, 6.17616370445002, 6.814767512864156],[1.6217477340572788, 2.7433326807989014, 3.5831266154362984, 4.239443329666659, 4.791677280406977, 5.175934023364921, 5.483929630476222, 5.742352991849068, 5.947723584450786, 6.091403229951252, 6.234021236666427],[1.9376181335383438, 3.2289875511416204, 4.335522128020889, 5.168622983208514, 5.888461161974652, 6.479923451787564, 6.754783843476043, 6.934740333375688, 6.965877029619591, 6.965877029619591, 6.965877029619591],[2.0633622004681245, 3.5644347961556058, 4.702247226940423, 5.501921388996566, 6.092736554889938, 6.47425309540819, 6.754398469044174, 6.776101453404948, 6.776101453404949, 6.776101453404948, 6.776101453404949],[3.2140535997455713, 5.1806297557959216, 6.339731414019752, 7.002055499186924, 7.0291213337056995, 7.0291213337056995, 7.0291213337056995, 7.029121333705699, 7.029121333705699, 7.0291213337056995, 7.029121333705699],[3.214028106741707, 5.284962622612985, 6.389487922870726, 6.970071453326727, 6.993844495604238, 6.993844495604238, 6.993844495604238, 6.993844495604237, 6.993844495604238, 6.993844495604238, 6.993844495604239],[5.116845803061139, 7.055839699352948, 7.0943482469313945, 7.094348246931396, 7.094348246931395, 7.0943482469313945, 7.094348246931395, 7.094348246931396, 7.094348246931395, 7.094348246931395, 7.0943482469313945],[4.809581544559303, 6.692094425356219, 7.2794112238485145, 7.40354335896531, 7.442139845325691, 7.45971552908057, 7.46711223043659, 7.4695308805252525, 7.470099260829929, 7.470253342259318, 7.470289515478674]
]

L = 9

[
[0.49999999999999994, 0.9999999999999999, 0.9999999999999999, 0.9999999999999999, 0.9999999999999999, 0.9999999999999999, 0.9999999999999999, 0.9999999999999999, 0.9999999999999999, 0.9999999999999999, 0.9999999999999999],[0.5, 1.0, 1.0, 1.5, 2.0, 2.0, 2.0, 2.0, 2.0, 2.0, 2.0],[0.875, 1.25, 1.625, 2.375, 2.75, 2.75, 2.75, 2.75, 2.75, 2.75, 2.75],[0.8278195311147831, 1.2028195311147831, 1.5778195311147831, 2.077819531114783, 2.327819531114783, 2.577819531114783, 2.827819531114783, 3.327819531114783, 3.327819531114783, 3.327819531114783, 3.327819531114783],[1.0701597655573918, 1.8201597655573918, 2.3201597655573916, 2.8826597655573916, 3.1951597655573916, 3.6639097655573916, 3.9764097655573916, 3.9764097655573916, 3.9764097655573916, 3.9764097655573916, 3.9764097655573916],[0.8575091331443164, 1.6075091331443163, 2.1075091331443163, 2.7283737814804043, 3.1422835470377963, 3.7124433125951875, 4.0249433125951875, 4.2124433125951875, 4.212443312595187, 4.212443312595187, 4.212443312595187],[1.624795291534789, 2.702614822649573, 3.5330412199455186, 4.034956161334867, 4.375062464323612, 4.461438710318619, 4.461438710318619, 4.461438710318619, 4.461438710318619, 4.461438710318619, 4.461438710318619],[1.028743445225606, 1.6885923526799935, 2.2071989270393613, 2.6759489270393613, 3.144698927039361, 3.613448927039361, 4.063625147734035, 4.369913686701849, 4.698038686701849, 4.971476186701849, 5.930226052686696],[1.9931308307233984, 3.363702179474386, 4.43307847025936, 5.205545745516058, 5.205545745516058, 5.205545745516058, 5.205545745516058, 5.205545745516058, 5.205545745516058, 5.205545745516058, 5.205545745516058],[1.8227992719021913, 3.110177942180772, 4.172554360328435, 5.108950712603957, 5.396213455808018, 5.396213455808018, 5.396213455808018, 5.396213455808018, 5.396213455808018, 5.396213455808018, 5.396213455808018],[3.023797764659747, 4.847011533319058, 5.539777635204658, 5.539777635204658, 5.539777635204658, 5.539777635204658, 5.539777635204658, 5.539777635204658, 5.539777635204658, 5.539777635204658, 5.539777635204658],[3.8390359048133824, 4.827381747181934, 4.827381747181934, 4.827381747181934, 4.827381747181934, 4.827381747181934, 4.827381747181934, 4.827381747181934, 4.827381747181934, 4.827381747181934, 4.827381747181934],[5.291190920129438, 5.291190920129438, 5.291190920129438, 5.291190920129438, 5.291190920129438, 5.291190920129438, 5.291190920129438, 5.291190920129438, 5.291190920129438, 5.291190920129438, 5.291190920129438],[4.899197784162689, 5.5249411428199675, 5.5249411428199675, 5.5249411428199675, 5.5249411428199675, 5.5249411428199675, 5.5249411428199675, 5.5249411428199675, 5.5249411428199675, 5.5249411428199675, 5.5249411428199675],[4.368303662927049, 4.368303662927049, 4.368303662927049, 4.368303662927049, 4.368303662927049, 4.368303662927049, 4.368303662927049, 4.368303662927049, 4.368303662927049, 4.368303662927049, 4.368303662927049],[6.0396880179686026, 6.0396880179686026, 6.0396880179686026, 6.0396880179686026, 6.0396880179686026, 6.0396880179686026, 6.039688017968602, 6.0396880179686026, 6.0396880179686026, 6.0396880179686026, 6.0396880179686026],[4.582692408530364, 4.582692408530364, 4.582692408530364, 4.582692408530364, 4.582692408530364, 4.582692408530364, 4.582692408530364, 4.582692408530364, 4.582692408530364, 4.582692408530364, 4.582692408530364],[4.64950562296343, 4.64950562296343, 4.64950562296343, 4.64950562296343, 4.64950562296343, 4.64950562296343, 4.64950562296343, 4.64950562296343, 4.64950562296343, 4.64950562296343, 4.64950562296343],[5.3952632220649965, 5.400406658308871, 5.400409443277485, 5.400409443349166, 5.400409443349167, 5.400409443349166, 5.400409443349167, 5.400409443349166, 5.400409443349167, 5.400409443349167, 5.400409443349166]
]

L = 4

[
[0.49999999999999994, 0.49999999999999994, 0.49999999999999994, 0.49999999999999994, 0.49999999999999994, 0.49999999999999994, 0.49999999999999994, 0.49999999999999994, 0.49999999999999994, 0.49999999999999994, 0.9999999999999999],[0.5, 0.5, 0.5, 0.5, 0.5, 0.5, 1.0, 1.0, 1.0, 1.0, 2.0],[0.49999999999999994, 0.49999999999999994, 0.49999999999999994, 0.49999999999999994, 0.49999999999999994, 0.49999999999999994, 1.0, 1.0, 1.0, 1.0, 1.5],[0.5, 0.5, 0.5, 1.0, 1.0, 1.0, 1.5, 1.5, 1.5, 2.0, 2.0],[0.49999999999999994, 0.49999999999999994, 0.49999999999999994, 1.0, 1.0, 1.0, 1.5, 1.5, 1.5, 1.5, 1.5],[0.3112781244591325, 0.8112781244591325, 0.8112781244591325, 0.8112781244591325, 0.8112781244591325, 0.8112781244591325, 0.8112781244591325, 0.8112781244591325, 0.8112781244591325, 0.8112781244591325, 0.8112781244591325],[0.5, 1.0, 1.0, 1.5, 1.5, 1.5, 1.5, 1.5, 1.5, 1.5, 1.5],[1.0, 1.5, 2.0, 2.0, 2.0, 2.0, 2.0, 2.0, 2.0, 2.0, 2.0],[0.8112781244591329, 0.8112781244591329, 0.8112781244591329, 0.8112781244591329, 0.8112781244591329, 0.8112781244591329, 0.8112781244591329, 0.8112781244591329, 0.8112781244591329, 0.8112781244591329, 0.8112781244591329]
]

L = 5

[
[0.49999999999999994, 0.49999999999999994, 0.49999999999999994, 0.49999999999999994, 0.49999999999999994, 0.49999999999999994, 0.9999999999999999, 0.9999999999999999, 0.9999999999999999, 0.9999999999999999, 0.9999999999999999],[0.49999999999999994, 0.49999999999999994, 0.49999999999999994, 0.49999999999999994, 0.49999999999999994, 0.49999999999999994, 0.9999999999999999, 0.9999999999999999, 0.9999999999999999, 0.9999999999999999, 0.9999999999999999],[0.49999999999999994, 0.49999999999999994, 0.49999999999999994, 0.9999999999999999, 0.9999999999999999, 0.9999999999999999, 0.9999999999999999, 0.9999999999999999, 0.9999999999999999, 0.9999999999999999, 0.9999999999999999],[0.49999999999999994, 0.49999999999999994, 0.49999999999999994, 0.9999999999999999, 0.9999999999999999, 0.9999999999999999, 0.9999999999999999, 0.9999999999999999, 0.9999999999999999, 0.9999999999999999, 0.9999999999999999],[0.4999999999999999, 0.9999999999999998, 0.9999999999999998, 0.9999999999999998, 0.9999999999999998, 0.9999999999999998, 0.9999999999999998, 0.9999999999999998, 0.9999999999999998, 0.9999999999999998, 0.9999999999999998],[9.61027951144475e-16, 9.61027951144475e-16, 9.61027951144475e-16, 9.61027951144475e-16, 9.61027951144475e-16, 9.61027951144475e-16, 9.61027951144475e-16, 9.61027951144475e-16, 9.61027951144475e-16, 9.61027951144475e-16, 9.61027951144475e-16],[-6.406853007629837e-16, -6.406853007629837e-16, -6.406853007629837e-16, -6.406853007629837e-16, -6.406853007629837e-16, -6.406853007629837e-16, -6.406853007629837e-16, -6.406853007629837e-16, -6.406853007629837e-16, -6.406853007629837e-16, -6.406853007629837e-16],[0.9999999999999998, 0.9999999999999998, 0.9999999999999998, 0.9999999999999998, 0.9999999999999998, 0.9999999999999998, 0.9999999999999998, 0.9999999999999998, 0.9999999999999998, 0.9999999999999998, 0.9999999999999998],[0.9999999999999998, 0.9999999999999998, 0.9999999999999998, 0.9999999999999998, 0.9999999999999998, 0.9999999999999998, 0.9999999999999998, 0.9999999999999998, 0.9999999999999998, 0.9999999999999998, 0.9999999999999998],[1.0000000000000004, 1.0000000000000004, 1.0000000000000004, 1.0000000000000004, 1.0000000000000004, 1.0000000000000004, 1.0000000000000004, 1.0000000000000004, 1.0000000000000004, 1.0000000000000004, 1.0000000000000004],[1.0, 1.0, 1.0, 1.0, 1.0, 1.0, 1.0, 1.0, 1.0, 1.0, 1.0]
]

L = 6

[
[0.49999999999999994, 0.49999999999999994, 0.49999999999999994, 0.49999999999999994, 0.49999999999999994, 0.49999999999999994, 0.9999999999999999, 0.9999999999999999, 0.9999999999999999, 0.9999999999999999, 0.9999999999999999],[0.5, 0.5, 0.5, 1.0, 1.0, 1.0, 1.5, 1.5, 1.5, 2.0, 2.0],[0.5, 0.5, 0.5, 1.0, 1.0, 1.0, 1.375, 1.375, 1.375, 1.75, 2.5],[0.5, 0.875, 0.875, 1.25, 1.625, 1.625, 1.875, 2.125, 2.125, 2.375, 3.125],[0.375, 0.7305616162641015, 0.7305616162641015, 1.086123232528203, 1.336123232528203, 1.336123232528203, 1.586123232528203, 1.836123232528203, 1.836123232528203, 2.086123232528203, 3.8526754781921246],[0.6403195311147831, 0.9604792966721747, 1.2104792966721747, 1.7104792966721747, 1.9604792966721747, 2.2104792966721747, 2.4604792966721747, 2.8236841794508707, 2.9799341794508707, 3.1361841794508707, 4.16743417945087],[0.6403195311147833, 0.9276688987017082, 1.1776688987017083, 1.6776688987017083, 1.9276688987017083, 2.1346237814804043, 2.3415786642591003, 2.7554884298164914, 2.962443312595187, 3.1451804963886496, 4.203899688143618],[0.860056306055272, 1.5796743237233253, 1.9935840892807168, 2.584895890204361, 2.9048177934025547, 3.326242768926611, 3.580072651705307, 3.960817475873351, 4.201670963340325, 4.352023404729673, 4.619322037112957],[1.2401907084770758, 2.1512312064439927, 2.725929941617842, 3.2303603645449335, 3.2303603645449335, 3.230360364544934, 3.230360364544934, 3.230360364544934, 3.230360364544934, 3.230360364544934, 3.230360364544934],[1.4968479684493596, 2.4503236697771262, 3.2835714355223278, 3.9207973009302464, 4.445725752119504, 4.653870777302404, 4.653870777302403, 4.653870777302403, 4.653870777302403, 4.653870777302403, 4.653870777302403],[1.6058412226948544, 2.787826045387648, 3.7711453038881473, 4.197060675790365, 4.197060675790365, 4.197060675790365, 4.197060675790365, 4.197060675790365, 4.197060675790365, 4.197060675790365, 4.197060675790365],[2.633763301462525, 4.2897498480015175, 4.2897498480015175, 4.2897498480015175, 4.2897498480015175, 4.2897498480015175, 4.2897498480015175, 4.2897498480015175, 4.2897498480015175, 4.2897498480015175, 4.2897498480015175],[2.195120002130717, 3.3080263824308456, 4.307570915891112, 4.7900983321513975, 5.04450354405448, 5.162231221514965, 5.240716460411733, 5.295129067222972, 5.328349850505524, 5.349018896239893, 5.368172607601155]
]

L = 7

[
[0.49999999999999994, 0.49999999999999994, 0.49999999999999994, 0.9999999999999999, 0.9999999999999999, 0.9999999999999999, 0.9999999999999999, 0.9999999999999999, 0.9999999999999999, 0.9999999999999999, 0.9999999999999999],[0.49999999999999994, 0.49999999999999994, 0.49999999999999994, 1.0, 1.0, 1.0, 1.5, 1.5, 1.5, 1.5, 1.5],[0.5, 0.875, 0.875, 1.25, 1.625, 1.625, 2.0, 2.375, 2.375, 2.75, 2.75],[0.375, 0.75, 0.75, 1.125, 1.5, 1.5, 1.875, 2.25, 2.25, 2.5, 3.25],[0.75, 1.125, 1.4451597655573916, 1.9451597655573916, 2.1951597655573916, 2.4451597655573916, 2.6951597655573916, 3.1951597655573916, 3.3514097655573916, 3.5076597655573916, 3.6639097655573916],[0.850798827786958, 1.1709585933443496, 1.4911183589017412, 1.9911183589017412, 2.2411183589017414, 2.4911183589017414, 2.6980732416804374, 3.0612781244591334, 3.2175281244591334, 3.3112781244591334, 3.686278124459133],[0.9421849568830927, 1.7307892535552674, 2.184814160651177, 2.805678808987265, 3.219588574544657, 3.7188508438385965, 3.9726807266172925, 4.1605030251211765, 4.1605030251211765, 4.1605030251211765, 4.1605030251211765],[0.876571800519065, 1.601654052607398, 1.9861213886672955, 2.495543361171427, 2.8309061150667354, 3.311052542015866, 3.594217483405214, 3.974962307573258, 4.210252740850531, 4.360605182239879, 4.6217925200298495],[1.8876306369308635, 2.9886371642451017, 3.7336116728262807, 3.966050427617421, 3.9660504276174207, 3.9660504276174207, 3.9660504276174207, 3.9660504276174207, 3.9660504276174207, 3.9660504276174207, 3.9660504276174207],[1.3309231161279378, 2.3066892529941065, 3.2044886351443624, 4.020385425467892, 4.513452632939434, 4.721117718198791, 4.721117718198791, 4.721117718198791, 4.721117718198791, 4.721117718198791, 4.721117718198791],[2.6311338966064204, 4.287802534659663, 4.287802534659663, 4.287802534659663, 4.287802534659663, 4.287802534659663, 4.287802534659663, 4.287802534659663, 4.287802534659663, 4.287802534659663, 4.287802534659663],[2.2813202171287985, 4.019909079190907, 4.729420279398327, 4.729420279398327, 4.729420279398327, 4.729420279398327, 4.729420279398327, 4.729420279398327, 4.729420279398327, 4.729420279398327, 4.729420279398327],[4.152100782187798, 4.152100782187797, 4.152100782187797, 4.152100782187797, 4.152100782187797, 4.152100782187797, 4.152100782187797, 4.152100782187797, 4.152100782187797, 4.152100782187797, 4.152100782187797],[4.231840388917461, 4.23184038891746, 4.23184038891746, 4.23184038891746, 4.23184038891746, 4.23184038891746, 4.23184038891746, 4.23184038891746, 4.23184038891746, 4.23184038891746, 4.23184038891746],[3.7156234796080656, 4.7561925638325855, 4.973136219690859, 5.01584370569411, 5.02002359932935, 5.020153891949956, 5.020156285311517, 5.020156289914964, 5.02015628991519, 5.02015628991519, 5.02015628991519]
]

L = 8

[
[0.49999999999999994, 0.49999999999999994, 0.49999999999999994, 0.9999999999999999, 0.9999999999999999, 0.9999999999999999, 0.9999999999999999, 0.9999999999999999, 0.9999999999999999, 0.9999999999999999, 0.9999999999999999],[0.5, 1.0, 1.0, 1.5, 2.0, 2.0, 2.0, 2.0, 2.0, 2.0, 2.0],[0.5, 0.875, 0.875, 1.25, 1.625, 1.625, 2.0, 2.375, 2.375, 2.75, 2.75],[0.75, 1.125, 1.375, 1.875, 2.125, 2.375, 2.625, 3.125, 3.375, 3.625, 3.625],[0.625, 0.875, 1.125, 1.625, 1.875, 2.03125, 2.1875, 2.5, 2.65625, 2.8125, 4.375],[0.7780899284387062, 1.3116244934355787, 1.6241244934355787, 2.0928744934355787, 2.4053744934355787, 2.793319086110821, 2.980819086110821, 3.262069086110821, 3.543319086110821, 3.730819086110821, 5.162679225661535],[0.5876244335708428, 1.0739472023638645, 1.3864472023638648, 1.8551972023638648, 2.1676972023638648, 2.5781829343258442, 2.8028853101294398, 3.0841353101294398, 3.3653853101294398, 3.5528853101294398, 5.574242024264894],[1.123863541973112, 1.9328931087399657, 2.5685157546336566, 3.110530774847468, 3.597397031730448, 4.005071054562235, 4.380952158035605, 4.677611112375492, 5.005736112375492, 5.210548297358285, 5.672085594358032],[1.0298735952749223, 1.727486144993005, 2.362060851939744, 2.946696829524748, 3.4241786166087698, 3.8929286166087698, 4.36167861660877, 4.704349849563533, 5.032474849563533, 5.305912349563533, 5.739332785056933],[1.3071966856747683, 2.216139470383415, 2.9957101598091853, 3.652457065224922, 4.248788530814582, 4.694329240193367, 5.0941727842050275, 5.425341493496697, 5.767400816014408, 6.034163885342929, 6.720140857888729],[1.9800056508856712, 3.417787244794316, 4.481259211748754, 5.16941935049858, 5.221370835394025, 5.221370835394025, 5.221370835394025, 5.221370835394025, 5.221370835394025, 5.221370835394025, 5.221370835394025],[2.707240756836821, 4.450460913215556, 5.558532412273278, 5.955790924660496, 5.955790924660496, 5.955790924660496, 5.955790924660497, 5.955790924660496, 5.955790924660496, 5.955790924660496, 5.955790924660496],[2.4432627769156383, 4.105340663762713, 5.396767399217231, 6.149578496072374, 6.149578496072374, 6.149578496072374, 6.149578496072374, 6.149578496072374, 6.149578496072374, 6.149578496072374, 6.149578496072374],[3.9963469184837095, 6.179648949394393, 6.217586672160146, 6.217586672160146, 6.217586672160146, 6.217586672160146, 6.217586672160147, 6.217586672160146, 6.217586672160146, 6.217586672160146, 6.217586672160146],[3.5394377543382975, 6.2611490741760285, 6.3567516599316125, 6.3567516599316125, 6.3567516599316125, 6.3567516599316125, 6.3567516599316125, 6.3567516599316125, 6.3567516599316125, 6.3567516599316125, 6.3567516599316125],[6.252967903350277, 6.339111806600201, 6.339111806600201, 6.339111806600201, 6.339111806600201, 6.339111806600201, 6.339111806600201, 6.339111806600201, 6.339111806600201, 6.339111806600201, 6.339111806600201],[6.014070652755904, 6.5530615802339565, 6.596889371000385, 6.60670415167906, 6.6079283649379414, 6.6080427186828485, 6.6080490198741595, 6.6080493190364455, 6.608049330321679, 6.608049330384858, 6.608049330384858]
]

L = 9

[
[0.49999999999999994, 0.9999999999999999, 0.9999999999999999, 0.9999999999999999, 0.9999999999999999, 0.9999999999999999, 0.9999999999999999, 0.9999999999999999, 0.9999999999999999, 0.9999999999999999, 0.9999999999999999],[0.5, 1.0, 1.0, 1.5, 2.0, 2.0, 2.0, 2.0, 2.0, 2.0, 2.0],[1.0, 1.5, 1.875, 2.25, 2.25, 2.25, 2.25, 2.25, 2.25, 2.25, 2.25],[0.9056390622295664, 1.2806390622295662, 1.6556390622295662, 2.1556390622295662, 2.4056390622295662, 2.6556390622295662, 2.9056390622295662, 3.1556390622295662, 3.1556390622295662, 3.1556390622295662, 3.1556390622295662],[0.9694564530542944, 1.7194564530542944, 2.2194564530542946, 2.9694564530542946, 3.2819564530542946, 3.7507064530542946, 4.0126095045866075, 4.0126095045866075, 4.0126095045866075, 4.0126095045866075, 4.0126095045866075],[0.6208646483360873, 1.2417292966721747, 1.6556390622295662, 2.1891736272264386, 2.5016736272264386, 2.970423627226439, 3.282923627226439, 3.751673627226439, 4.095423627226439, 4.282923627226439, 4.933615805247841],[1.1251469382768624, 1.9063969382768626, 2.6256040571541948, 3.1532502788853063, 3.622000278885306, 4.090750278885306, 4.559500278885306, 4.937398712886942, 5.265523712886942, 5.448589059777513, 5.448589059777513],[1.286390086514733, 2.0947547348508206, 2.7745437841794787, 3.4091184911262187, 4.01052825668361, 4.423556918767632, 4.799438022241002, 5.175319125714371, 5.175319125714371, 5.175319125714371, 5.175319125714371],[2.5336424240338458, 4.0432153428205595, 4.6153664169886035, 4.6153664169886035, 4.6153664169886035, 4.6153664169886035, 4.6153664169886035, 4.6153664169886035, 4.6153664169886035, 4.6153664169886035, 4.6153664169886035],[1.9999496194342008, 3.2955507208302253, 4.324156320355572, 4.985040939386332, 5.376004676234829, 5.376004676234828, 5.376004676234828, 5.376004676234828, 5.376004676234828, 5.376004676234828, 5.376004676234828],[4.161435470739226, 4.161435470739226, 4.161435470739226, 4.161435470739226, 4.161435470739226, 4.161435470739226, 4.161435470739226, 4.161435470739226, 4.161435470739226, 4.161435470739226, 4.161435470739226],[3.36984748695904, 5.193346721345084, 5.193346721345084, 5.193346721345084, 5.193346721345084, 5.193346721345084, 5.193346721345084, 5.193346721345084, 5.193346721345084, 5.193346721345084, 5.193346721345084],[4.974689404640618, 5.565914151013611, 5.565914151013611, 5.565914151013611, 5.565914151013611, 5.565914151013611, 5.565914151013611, 5.565914151013611, 5.565914151013611, 5.565914151013611, 5.565914151013611],[5.207944170902589, 5.207944170902589, 5.207944170902589, 5.207944170902589, 5.207944170902589, 5.207944170902589, 5.207944170902589, 5.207944170902589, 5.207944170902589, 5.207944170902589, 5.207944170902589],[4.520899252936492, 4.520899252936492, 4.520899252936492, 4.520899252936492, 4.520899252936492, 4.520899252936492, 4.520899252936492, 4.520899252936492, 4.520899252936492, 4.520899252936492, 4.520899252936492],[4.306947279262081, 4.306947279262081, 4.306947279262081, 4.306947279262081, 4.306947279262081, 4.306947279262081, 4.306947279262081, 4.306947279262081, 4.306947279262081, 4.306947279262081, 4.306947279262081],[4.5827432115954885, 4.5827432115954885, 4.5827432115954885, 4.5827432115954885, 4.5827432115954885, 4.5827432115954885, 4.5827432115954885, 4.5827432115954885, 4.5827432115954885, 4.5827432115954885, 4.5827432115954885],[5.3204499907267415, 5.3204499907267415, 5.3204499907267415, 5.3204499907267415, 5.3204499907267415, 5.3204499907267415, 5.3204499907267415, 5.3204499907267415, 5.3204499907267415, 5.3204499907267415, 5.3204499907267415],[5.54507187328186, 5.54550127950683, 5.545501279507553, 5.545501279507554, 5.545501279507553, 5.545501279507553, 5.545501279507553, 5.545501279507553, 5.545501279507553, 5.545501279507553, 5.545501279507554]
]

