
L = 4

[0.49999999999999994, 0.49999999999999994, 0.49999999999999994, 0.49999999999999994, 0.49999999999999994, 0.49999999999999994, 0.49999999999999994, 0.49999999999999994, 0.49999999999999994, 0.49999999999999994, 0.9999999999999999]
[0.49999999999999994, 0.49999999999999994, 0.49999999999999994, 0.49999999999999994, 0.49999999999999994, 0.49999999999999994, 1.0, 1.0, 1.0, 1.0, 1.5]
[0.49999999999999994, 0.49999999999999994, 0.49999999999999994, 0.49999999999999994, 0.49999999999999994, 0.49999999999999994, 1.0, 1.0, 1.0, 1.0, 1.5]
[0.5, 0.5, 0.5, 1.0, 1.0, 1.0, 1.5, 1.5, 1.5, 2.0, 2.0]
[0.5, 0.5, 0.5, 1.0, 1.0, 1.0, 1.5, 1.5, 1.5, 2.0, 2.0]
[0.5000000000000001, 1.0, 1.0, 1.5, 1.5, 1.5, 1.5, 1.5, 1.5, 1.5, 1.5]
[0.5, 1.0, 1.0, 1.5, 2.0, 2.0, 2.0, 2.0, 2.0, 2.0, 2.0]
[1.0, 1.5, 1.5, 1.5, 1.5, 1.5, 1.5, 1.5, 1.5, 1.5, 1.5]
[1.5, 1.5, 1.5, 1.5, 1.5, 1.5, 1.5, 1.5, 1.5, 1.5]

L = 5

[0.49999999999999994, 0.49999999999999994, 0.49999999999999994, 0.49999999999999994, 0.49999999999999994, 0.49999999999999994, 0.9999999999999999, 0.9999999999999999, 0.9999999999999999, 0.9999999999999999, 0.9999999999999999]
[0.49999999999999994, 0.49999999999999994, 0.49999999999999994, 0.49999999999999994, 0.49999999999999994, 0.49999999999999994, 0.9999999999999999, 0.9999999999999999, 0.9999999999999999, 0.9999999999999999, 0.9999999999999999]
[0.49999999999999994, 0.49999999999999994, 0.49999999999999994, 0.9999999999999999, 0.9999999999999999, 0.9999999999999999, 0.9999999999999999, 0.9999999999999999, 0.9999999999999999, 0.9999999999999999, 0.9999999999999999]
[0.49999999999999994, 0.49999999999999994, 0.49999999999999994, 1.0, 1.0, 1.0, 1.0, 1.0, 1.0, 1.0, 1.0]
[0.49999999999999994, 0.9999999999999999, 0.9999999999999999, 0.9999999999999999, 0.9999999999999999, 0.9999999999999999, 0.9999999999999999, 0.9999999999999999, 0.9999999999999999, 0.9999999999999999, 0.9999999999999999]
[0.49999999999999994, 1.0, 1.0, 1.0, 1.0, 1.0, 1.0, 1.0, 1.0, 1.0, 1.0]
[1.0, 1.0, 1.0, 1.0, 1.0, 1.0, 1.0, 1.0, 1.0, 1.0, 1.0]
[0.9999999999999998, 0.9999999999999998, 0.9999999999999998, 0.9999999999999998, 0.9999999999999998, 0.9999999999999998, 0.9999999999999998, 0.9999999999999998, 0.9999999999999998, 0.9999999999999998, 0.9999999999999998]
[3.203426503814918e-16, 3.203426503814918e-16, 3.203426503814918e-16, 3.203426503814918e-16, 3.203426503814918e-16, 3.203426503814918e-16, 3.203426503814918e-16, 3.203426503814918e-16, 3.203426503814918e-16, 3.203426503814918e-16, 3.203426503814918e-16]
[1.0, 1.0, 1.0, 1.0, 1.0, 1.0, 1.0, 1.0, 1.0, 1.0, 1.0]
[0.9999999999999998, 0.9999999999999998, 0.9999999999999998, 0.9999999999999998, 0.9999999999999998, 0.9999999999999998, 0.9999999999999998, 0.9999999999999998, 0.9999999999999998, 0.9999999999999998]

L = 6

[0.49999999999999994, 0.49999999999999994, 0.49999999999999994, 0.49999999999999994, 0.49999999999999994, 0.49999999999999994, 0.9999999999999999, 0.9999999999999999, 0.9999999999999999, 0.9999999999999999, 0.9999999999999999]
[0.5, 0.5, 0.5, 1.0, 1.0, 1.0, 1.5, 1.5, 1.5, 2.0, 2.0]
[0.5, 0.5, 0.5, 0.8750000000000001, 0.8750000000000001, 0.8750000000000001, 1.25, 1.25, 1.25, 1.625, 2.75]
[0.4528195311147832, 0.8278195311147831, 0.8278195311147831, 1.0778195311147831, 1.3278195311147831, 1.3278195311147831, 1.5778195311147831, 1.8278195311147831, 1.8278195311147831, 2.077819531114783, 3.577819531114783]
[0.3201597655573916, 0.6403195311147832, 0.6403195311147832, 0.9604792966721749, 1.2806390622295665, 1.2806390622295665, 1.600798827786958, 1.9209585933443496, 1.9209585933443496, 2.17095859334435, 3.7959585933443494]
[0.8032194498311207, 1.1233792153885123, 1.4435389809459038, 2.083858512060687, 2.333858512060687, 2.5408133948393825, 2.7477682776180785, 3.1616780431754705, 3.368632925954166, 3.4889107763531952, 3.598350192791631]
[0.8980898459737487, 1.2605636043008754, 1.6230373626280024, 2.2633568937427855, 2.532659042078873, 2.8019611904149606, 2.9582111904149606, 3.1144611904149606, 3.1144611904149606, 3.1144611904149606, 3.1144611904149606]
[1.0097313004384234, 1.762817275984375, 2.1767270415417665, 2.7975916898778537, 3.1761311787194333, 3.6719958270555217, 3.927980931691578, 4.122038830739231, 4.12203883073923, 4.12203883073923, 4.12203883073923]
[0.795461066821636, 1.4938959560502971, 1.889837819535333, 2.456798761654353, 2.8064470255330143, 3.315868998037145, 3.6284833191766483, 4.059784056792889, 4.367229418044954, 4.506664794608438, 4.625383334193973]
[1.5795461760430232, 2.687249176663443, 3.644184170824985, 4.257120758912121, 4.257120758912123, 4.257120758912123, 4.257120758912123, 4.257120758912123, 4.257120758912123, 4.257120758912123, 4.257120758912123]
[1.4996277465418686, 2.426899184537346, 3.28505000645764, 3.910131627746153, 4.447905042690277, 4.656597163852829, 4.656597163852829, 4.656597163852829, 4.656597163852829, 4.656597163852829, 4.656597163852829]
[2.7877274071323828, 4.228788748986955, 4.228788748986955, 4.228788748986955, 4.228788748986955, 4.228788748986955, 4.228788748986955, 4.228788748986955, 4.228788748986955, 4.228788748986955, 4.228788748986955]
[4.900773921017478, 5.040161184715681, 5.042068367615701, 5.042068387093696, 5.042068387093697, 5.042068387093697, 5.042068387093698, 5.042068387093696, 5.042068387093696, 5.042068387093697]

L = 7

[0.49999999999999994, 0.49999999999999994, 0.49999999999999994, 0.9999999999999999, 0.9999999999999999, 0.9999999999999999, 0.9999999999999999, 0.9999999999999999, 0.9999999999999999, 0.9999999999999999, 0.9999999999999999]
[0.5, 0.5, 0.5, 1.0, 1.0, 1.0, 1.5, 1.5, 1.5, 2.0, 2.0]
[0.5, 0.875, 0.875, 1.25, 1.625, 1.625, 2.0, 2.375, 2.375, 2.75, 2.75]
[0.5, 0.9528195311147832, 0.9528195311147832, 1.4056390622295665, 1.8584585933443496, 1.8584585933443496, 2.2334585933443494, 2.4834585933443494, 2.4834585933443494, 2.4834585933443494, 2.48345859334435]
[0.9056390622295666, 1.2257988277869583, 1.5459585933443498, 2.04595859334435, 2.29595859334435, 2.54595859334435, 2.79595859334435, 3.20220859334435, 3.35845859334435, 3.35845859334435, 3.35845859334435]
[0.8712682662886329, 1.2462682662886329, 1.6212682662886329, 2.2287773994329494, 2.4787773994329494, 2.7287773994329494, 2.9787773994329494, 3.1857322822116454, 3.1857322822116454, 3.1857322822116454, 3.185732282211645]
[0.9381295318566693, 1.7507310495116735, 2.147337903444865, 2.6713328799677862, 2.9838328799677862, 3.432069595329199, 3.6982197922534574, 4.003498315343078, 4.245685815343078, 4.334082361726844, 4.44341963905782]
[1.2182830570245897, 2.2210763464665, 2.786321206215267, 3.222561366693938, 3.222561366693938, 3.2225613666939372, 3.2225613666939372, 3.2225613666939372, 3.2225613666939372, 3.2225613666939372, 3.2225613666939372]
[1.577484310548384, 2.744702906795271, 3.7670712656970116, 4.201431568338426, 4.201431568338425, 4.201431568338425, 4.201431568338425, 4.201431568338425, 4.201431568338425, 4.201431568338425, 4.201431568338425]
[1.7326671491884835, 2.7122241381503422, 3.61879972860545, 4.1818153417745, 4.181815341774499, 4.181815341774499, 4.181815341774499, 4.181815341774499, 4.181815341774499, 4.181815341774499, 4.181815341774499]
[2.320345042008818, 2.320345042008818, 2.320345042008818, 2.320345042008818, 2.320345042008818, 2.320345042008818, 2.320345042008818, 2.320345042008818, 2.320345042008818, 2.320345042008818, 2.320345042008818]
[2.659985531750604, 3.978119753809406, 4.558133536448011, 4.558133536448009, 4.558133536448009, 4.558133536448009, 4.558133536448009, 4.558133536448009, 4.558133536448009, 4.558133536448009, 4.558133536448009]
[3.883387724453411, 4.680116056542586, 4.680116056542586, 4.680116056542586, 4.680116056542586, 4.680116056542586, 4.680116056542586, 4.680116056542586, 4.680116056542586, 4.680116056542586, 4.680116056542586]
[3.9478170899973652, 4.583376197978576, 4.583376197978576, 4.583376197978576, 4.583376197978576, 4.583376197978576, 4.583376197978576, 4.583376197978576, 4.583376197978576, 4.583376197978576, 4.583376197978576]
[4.934718194225294, 4.937395464276504, 4.937395488058323, 4.937395488058323, 4.937395488058323, 4.937395488058323, 4.937395488058323, 4.937395488058323, 4.937395488058324, 4.937395488058323]

L = 8

[0.49999999999999994, 0.49999999999999994, 0.49999999999999994, 0.9999999999999999, 0.9999999999999999, 0.9999999999999999, 0.9999999999999999, 0.9999999999999999, 0.9999999999999999, 0.9999999999999999, 0.9999999999999999]
[0.49999999999999994, 1.0, 1.0, 1.5, 1.5, 1.5, 1.5, 1.5, 1.5, 1.5, 1.5]
[0.5, 0.875, 0.875, 1.25, 1.625, 1.625, 2.0, 2.375, 2.375, 2.75, 2.75]
[0.75, 1.125, 1.5, 2.125, 2.375, 2.625, 2.875, 3.375, 3.375, 3.375, 3.375]
[0.5000000000000001, 0.6562500000000001, 0.8125000000000001, 1.1250000000000002, 1.2812500000000002, 1.4375000000000004, 1.5937500000000004, 1.9062500000000004, 2.0625000000000004, 2.2187500000000004, 4.875000000000001]
[0.8121717650792937, 1.4147238131351214, 1.7272238131351214, 2.1959738131351214, 2.5084738131351214, 2.9772238131351214, 3.2897238131351214, 3.735518481248526, 4.016768481248525, 4.204268481248525, 4.878203518817367]
[0.6812234768037319, 1.2330350766949856, 1.5803485950124492, 2.0440191159316305, 2.3245659567293315, 2.7241686831972283, 2.9615520069220356, 3.264949744867599, 3.546199744867599, 3.733699744867599, 5.467870284652021]
[0.9749043314616826, 1.6523493171457249, 2.25251276329271, 2.8027451709743874, 3.281279501000803, 3.746154534360832, 4.130462680944622, 4.428182435373237, 4.756307435373237, 5.029744935373237, 5.9486092661744125]
[0.847194604456218, 1.4339243369251964, 1.9725110138915882, 2.4549367089635514, 2.8908120591973603, 3.280611854266187, 3.6551198448134548, 4.010110050439794, 4.392694029596823, 4.677858368906887, 6.396347593684588]
[1.5296428699673816, 2.509972844517971, 3.3584517926621094, 4.065282703522575, 4.719231180749748, 5.203353917516487, 5.600756144734726, 5.903100581064844, 6.138399604118464, 6.237654881168354, 6.25302742318746]
[1.4681863136146842, 2.463128997156103, 3.273133576798044, 3.959542687938767, 4.582883299131348, 5.034621812177935, 5.446117519998895, 5.774199871748937, 6.051877427314952, 6.251294626696939, 6.417605600284434]
[2.1072879474243518, 3.6246449648988075, 4.764277129954317, 5.5304697614346345, 6.111291713239311, 6.47126447672338, 6.72277679437393, 6.743221769119854, 6.743221769119854, 6.743221769119854, 6.743221769119854]
[1.9717492158475594, 3.3470783280812055, 4.404924994721721, 5.189073273981372, 5.857224947892001, 6.378785811103908, 6.722815772914345, 6.941019087487943, 6.960898233780053, 6.960898233780053, 6.960898233780053]
[3.267736617739329, 5.20691074079059, 6.451379383188684, 6.960001683123465, 6.993132164497281, 6.993132164497281, 6.993132164497281, 6.993132164497281, 6.99313216449728, 6.993132164497281, 6.99313216449728]
[3.2889128560054934, 5.309955513235792, 6.496212913850271, 6.8826348602325655, 6.8826348602325655, 6.8826348602325655, 6.8826348602325655, 6.8826348602325655, 6.8826348602325655, 6.8826348602325655, 6.8826348602325655]
[5.327666641115042, 6.945184997163915, 6.96959009518333, 6.96959009518333, 6.96959009518333, 6.96959009518333, 6.96959009518333, 6.96959009518333, 6.96959009518333, 6.96959009518333, 6.96959009518333]
[7.2886314933905885, 7.298742870491101, 7.298742919448346, 7.298742919448345, 7.298742919448344, 7.298742919448346, 7.298742919448345, 7.298742919448345, 7.298742919448346, 7.298742919448344]

L = 9

[0.49999999999999994, 0.9999999999999999, 0.9999999999999999, 0.9999999999999999, 0.9999999999999999, 0.9999999999999999, 0.9999999999999999, 0.9999999999999999, 0.9999999999999999, 0.9999999999999999, 0.9999999999999999]
[0.5, 1.0, 1.0, 1.5, 2.0, 2.0, 2.0, 2.0, 2.0, 2.0, 2.0]
[1.0, 1.375, 1.75, 2.5, 2.5, 2.5, 2.5, 2.5, 2.5, 2.5, 2.5]
[0.9772170014624824, 1.3522170014624824, 1.7272170014624824, 2.352217001462482, 2.602217001462482, 2.602217001462482, 2.602217001462482, 2.602217001462482, 2.602217001462482, 2.602217001462482, 2.602217001462482]
[1.1643390082831127, 1.996210022259621, 2.4962100222596213, 3.0587100222596213, 3.3712100222596213, 3.6437978245433853, 3.6437978245433853, 3.6437978245433853, 3.6437978245433853, 3.6437978245433853, 3.6437978245433853]
[0.791522755967203, 1.514120850681969, 1.9280306162393608, 2.4732269237388853, 2.7857269237388853, 3.2544769237388853, 3.5669769237388853, 3.9229671472948167, 4.204217147294816, 4.391717147294816, 4.710017856635081]
[1.6584325661503583, 2.6743777333476317, 3.3925874555335964, 3.9043908398728258, 4.349459057893404, 4.532609639040479, 4.53260963904048, 4.53260963904048, 4.53260963904048, 4.53260963904048, 4.53260963904048]
[1.2847744138934791, 2.133811034733698, 2.7683857416804374, 3.4029604486271774, 4.0375351555739165, 4.5208763176579385, 4.8967574211313085, 5.12228608321533, 5.12228608321533, 5.12228608321533, 5.12228608321533]
[2.4104860800933285, 4.0989239387179595, 4.634646332310998, 4.634646332310998, 4.634646332310998, 4.634646332310998, 4.634646332310998, 4.634646332310998, 4.634646332310998, 4.634646332310998, 4.634646332310998]
[2.0913443689801627, 3.4331509926966817, 4.479562335273383, 5.1503485237793125, 5.1503485237793125, 5.1503485237793125, 5.1503485237793125, 5.1503485237793125, 5.1503485237793125, 5.1503485237793125, 5.1503485237793125]
[3.4157730953599077, 5.167103472579479, 5.167103472579479, 5.167103472579479, 5.167103472579479, 5.167103472579479, 5.167103472579479, 5.167103472579479, 5.167103472579479, 5.167103472579479, 5.167103472579479]
[2.85150510784777, 4.975852612312544, 5.562469826498088, 5.562469826498088, 5.562469826498088, 5.562469826498088, 5.562469826498088, 5.562469826498088, 5.562469826498088, 5.562469826498088, 5.562469826498088]
[3.680495352230229, 3.680495352230229, 3.680495352230229, 3.680495352230229, 3.680495352230229, 3.680495352230229, 3.680495352230229, 3.680495352230229, 3.680495352230229, 3.680495352230229, 3.680495352230229]
[5.253108256129436, 5.253108256129436, 5.253108256129436, 5.253108256129436, 5.253108256129436, 5.253108256129436, 5.253108256129436, 5.253108256129436, 5.253108256129436, 5.253108256129436, 5.253108256129436]
[5.015780019666323, 5.015780019666323, 5.015780019666323, 5.015780019666323, 5.015780019666323, 5.015780019666323, 5.015780019666323, 5.015780019666323, 5.015780019666323, 5.015780019666323, 5.015780019666323]
[4.910846991497554, 4.910846991497554, 4.910846991497554, 4.910846991497554, 4.910846991497554, 4.910846991497554, 4.910846991497554, 4.910846991497554, 4.910846991497554, 4.910846991497554, 4.910846991497554]
[5.2296106856561995, 5.2296106856561995, 5.2296106856561995, 5.2296106856561995, 5.2296106856561995, 5.2296106856561995, 5.2296106856561995, 5.2296106856561995, 5.2296106856561995, 5.2296106856561995, 5.2296106856561995]
[5.1569309893137385, 5.1569309893137385, 5.1569309893137385, 5.1569309893137385, 5.1569309893137385, 5.1569309893137385, 5.1569309893137385, 5.1569309893137385, 5.1569309893137385, 5.1569309893137385, 5.1569309893137385]
[5.357283945595245, 5.357283945595245, 5.357283945595244, 5.357283945595245, 5.357283945595244, 5.357283945595244, 5.357283945595243, 5.357283945595245, 5.357283945595244, 5.357283945595244]
