
L = 4

[0.49999999999999994, 0.49999999999999994, 0.49999999999999994, 0.49999999999999994, 0.49999999999999994, 0.49999999999999994, 0.49999999999999994, 0.49999999999999994, 0.49999999999999994, 0.49999999999999994, 0.9999999999999999]
[0.5, 0.5, 0.5, 0.5, 0.5, 0.5, 1.0, 1.0, 1.0, 1.0, 2.0]
[0.49999999999999994, 0.49999999999999994, 0.49999999999999994, 0.49999999999999994, 0.49999999999999994, 0.49999999999999994, 1.0, 1.0, 1.0, 1.0, 1.5]
[0.49999999999999994, 0.49999999999999994, 0.49999999999999994, 1.0, 1.0, 1.0, 1.5, 1.5, 1.5, 1.5, 1.5]
[0.4999999999999998, 0.4999999999999998, 0.4999999999999998, 0.9999999999999998, 0.9999999999999998, 0.9999999999999998, 1.4999999999999998, 1.4999999999999998, 1.4999999999999998, 1.4999999999999998, 1.4999999999999998]
[0.5, 1.0, 1.0, 1.5, 1.5, 1.5, 1.5, 1.5, 1.5, 1.5, 1.5]
[0.4999999999999999, 0.9999999999999999, 0.9999999999999999, 1.5, 1.5, 1.5, 1.5, 1.5, 1.5, 1.5, 1.5]
[1.0, 1.5, 1.5, 1.5, 1.5, 1.5, 1.5, 1.5, 1.5, 1.5, 1.5]
[1.5, 1.5, 1.5, 1.5, 1.5, 1.5, 1.5, 1.5, 1.5, 1.5]

L = 5

[0.49999999999999994, 0.49999999999999994, 0.49999999999999994, 0.49999999999999994, 0.49999999999999994, 0.49999999999999994, 0.9999999999999999, 0.9999999999999999, 0.9999999999999999, 0.9999999999999999, 0.9999999999999999]
[0.49999999999999994, 0.49999999999999994, 0.49999999999999994, 0.49999999999999994, 0.49999999999999994, 0.49999999999999994, 0.9999999999999999, 0.9999999999999999, 0.9999999999999999, 0.9999999999999999, 0.9999999999999999]
[0.49999999999999994, 0.49999999999999994, 0.49999999999999994, 0.9999999999999999, 0.9999999999999999, 0.9999999999999999, 0.9999999999999999, 0.9999999999999999, 0.9999999999999999, 0.9999999999999999, 0.9999999999999999]
[0.4999999999999999, 0.4999999999999999, 0.4999999999999999, 0.9999999999999999, 0.9999999999999999, 0.9999999999999999, 0.9999999999999999, 0.9999999999999999, 0.9999999999999999, 0.9999999999999999, 0.9999999999999999]
[0.5, 1.0, 1.0, 1.0, 1.0, 1.0, 1.0, 1.0, 1.0, 1.0, 1.0]
[3.203426503814918e-16, 3.203426503814918e-16, 3.203426503814918e-16, 3.203426503814918e-16, 3.203426503814918e-16, 3.203426503814918e-16, 3.203426503814918e-16, 3.203426503814918e-16, 3.203426503814918e-16, 3.203426503814918e-16, 3.203426503814918e-16]
[-6.406853007629837e-16, -6.406853007629837e-16, -6.406853007629837e-16, -6.406853007629837e-16, -6.406853007629837e-16, -6.406853007629837e-16, -6.406853007629837e-16, -6.406853007629837e-16, -6.406853007629837e-16, -6.406853007629837e-16, -6.406853007629837e-16]
[1.0, 1.0, 1.0, 1.0, 1.0, 1.0, 1.0, 1.0, 1.0, 1.0, 1.0]
[3.203426503814918e-16, 3.203426503814918e-16, 3.203426503814918e-16, 3.203426503814918e-16, 3.203426503814918e-16, 3.203426503814918e-16, 3.203426503814918e-16, 3.203426503814918e-16, 3.203426503814918e-16, 3.203426503814918e-16, 3.203426503814918e-16]
[1.0000000000000004, 1.0000000000000004, 1.0000000000000004, 1.0000000000000004, 1.0000000000000004, 1.0000000000000004, 1.0000000000000004, 1.0000000000000004, 1.0000000000000004, 1.0000000000000004, 1.0000000000000004]
[0.9999999999999998, 0.9999999999999998, 0.9999999999999998, 0.9999999999999998, 0.9999999999999998, 0.9999999999999998, 0.9999999999999998, 0.9999999999999998, 0.9999999999999998, 0.9999999999999998]

L = 6

[-0.0, -0.0, -0.0, -0.0, -0.0, -0.0, -0.0, -0.0, -0.0, -0.0, -0.0]
[0.5, 0.5, 0.5, 1.0, 1.0, 1.0, 1.5, 1.5, 1.5, 2.0, 2.0]
[0.5, 0.5, 0.5, 0.8750000000000001, 0.8750000000000001, 0.8750000000000001, 1.25, 1.25, 1.25, 1.625, 2.75]
[0.375, 0.75, 0.75, 1.125, 1.375, 1.375, 1.625, 1.875, 1.875, 2.125, 3.625]
[0.5161610772204525, 0.8911610772204526, 0.8911610772204526, 1.2113208427778444, 1.531480608335236, 1.531480608335236, 1.781480608335236, 2.031480608335236, 2.031480608335236, 2.281480608335236, 3.2361888988396466]
[0.7472954173059265, 1.0750181390620386, 1.3572146438651531, 1.8572146438651531, 2.107214643865153, 2.3219578060231325, 2.5220332303237907, 2.868668054739226, 3.024918054739226, 3.181168054739226, 4.041636626048491]
[0.6757213818214935, 0.9819988980091384, 1.2693482655960633, 1.7693482655960633, 1.998633543296038, 2.227918820996013, 2.447626405232019, 2.8615361707894107, 3.0573122936213717, 3.2400494774148343, 4.128219618142558]
[0.8971137646750861, 1.6733878025659537, 2.1530490608930806, 2.794672569374022, 3.1714347763207615, 3.6748889641838485, 3.979279078693582, 4.204486147319352, 4.204486147319353, 4.204486147319353, 4.204486147319353]
[0.8949175860411653, 1.6685664967609042, 2.1482277550880307, 2.7898512635689716, 3.167825224981651, 3.6720402066139926, 3.972405235623249, 4.2079243709598515, 4.2079243709598515, 4.2079243709598515, 4.2079243709598515]
[1.6839448412103348, 2.7983972787967843, 3.694379925853643, 4.197289000589447, 4.197289000589446, 4.197289000589446, 4.197289000589446, 4.197289000589446, 4.197289000589446, 4.197289000589446, 4.197289000589446]
[1.7093753993292047, 2.8737379647245205, 3.7359637225025875, 4.164914230481687, 4.164914230481686, 4.164914230481686, 4.164914230481686, 4.164914230481686, 4.164914230481686, 4.164914230481686, 4.164914230481686]
[2.634055053449049, 4.289615998761816, 4.289615998761815, 4.289615998761815, 4.289615998761815, 4.289615998761815, 4.289615998761815, 4.289615998761815, 4.289615998761815, 4.289615998761815, 4.289615998761815]
[4.490121377709906, 4.49235940559202, 4.492359405602717, 4.492359405602718, 4.492359405602717, 4.492359405602717, 4.492359405602717, 4.492359405602718, 4.492359405602718, 4.492359405602717]

L = 7

[0.49999999999999994, 0.49999999999999994, 0.49999999999999994, 0.9999999999999999, 0.9999999999999999, 0.9999999999999999, 0.9999999999999999, 0.9999999999999999, 0.9999999999999999, 0.9999999999999999, 0.9999999999999999]
[0.5, 0.5, 0.5, 1.0, 1.0, 1.0, 1.5, 1.5, 1.5, 2.0, 2.0]
[0.5273755142062793, 0.9023755142062793, 0.9023755142062793, 1.2773755142062793, 1.6523755142062793, 1.6523755142062793, 2.0273755142062795, 2.4023755142062795, 2.4023755142062795, 2.6119069720731005, 2.6119069720731005]
[0.4849961082313346, 0.8599961082313345, 0.8599961082313345, 1.2349961082313345, 1.6099961082313345, 1.6099961082313345, 1.9849961082313345, 2.3599961082313343, 2.3599961082313343, 2.6651754781921246, 2.9151754781921246]
[0.9528195311147831, 1.2729792966721747, 1.5931390622295662, 2.0931390622295662, 2.3431390622295662, 2.5931390622295662, 2.8431390622295662, 3.1556390622295662, 3.1556390622295662, 3.1556390622295662, 3.1556390622295662]
[0.7934487351738498, 1.1684487351738497, 1.4886085007312415, 2.063307235905091, 2.3506566034920158, 2.600656603492016, 2.850656603492016, 3.2645663690494082, 3.471521251828104, 3.471521251828104, 3.4715212518281033]
[0.8943431460428042, 1.6004805662268367, 2.014390331784228, 2.507901289433164, 2.791066230822512, 3.171811054990556, 3.425640937769252, 3.806385761937296, 4.187130586105339, 4.440960468884035, 4.58953577556207]
[0.8838367635655785, 1.5757752762485802, 1.9896850418059713, 2.5296477764498455, 2.855705100617889, 3.324455100617889, 3.593273396729477, 3.974018220897521, 4.287843506312368, 4.436281006312368, 4.584608786503959]
[1.5558782979536754, 2.494133610105182, 3.3002778481667043, 3.8859862465027923, 4.376407291369083, 4.66596097645959, 4.66596097645959, 4.66596097645959, 4.66596097645959, 4.66596097645959, 4.66596097645959]
[2.0402896043246024, 3.3167979664878398, 3.3167979664878398, 3.3167979664878398, 3.3167979664878398, 3.3167979664878398, 3.3167979664878398, 3.3167979664878398, 3.3167979664878398, 3.3167979664878398, 3.3167979664878398]
[2.6334955424770365, 4.289298885499643, 4.289298885499643, 4.289298885499643, 4.289298885499643, 4.289298885499643, 4.289298885499643, 4.289298885499643, 4.289298885499643, 4.289298885499643, 4.289298885499643]
[2.4302127868867864, 4.035726396239959, 4.635360262207281, 4.635360262207282, 4.635360262207282, 4.635360262207282, 4.635360262207282, 4.635360262207282, 4.635360262207282, 4.635360262207282, 4.635360262207282]
[3.3161808447919743, 3.3161808447919743, 3.3161808447919743, 3.3161808447919743, 3.3161808447919743, 3.3161808447919743, 3.3161808447919743, 3.3161808447919743, 3.3161808447919743, 3.3161808447919743, 3.3161808447919743]
[4.286343171894962, 4.286343171894962, 4.286343171894962, 4.286343171894962, 4.286343171894962, 4.286343171894962, 4.286343171894962, 4.286343171894962, 4.286343171894962, 4.286343171894962, 4.286343171894962]
[4.747888376988931, 4.747929761444744, 4.747929761444743, 4.747929761444744, 4.747929761444744, 4.747929761444743, 4.747929761444744, 4.747929761444744, 4.747929761444744, 4.747929761444744]

L = 8

[0.49999999999999994, 0.49999999999999994, 0.49999999999999994, 0.9999999999999999, 0.9999999999999999, 0.9999999999999999, 0.9999999999999999, 0.9999999999999999, 0.9999999999999999, 0.9999999999999999, 0.9999999999999999]
[0.5, 1.0, 1.0, 1.5, 2.0, 2.0, 2.0, 2.0, 2.0, 2.0, 2.0]
[0.375, 0.75, 0.75, 1.125, 1.5, 1.5, 1.875, 2.25, 2.25, 2.625, 3.0]
[0.75, 1.125, 1.5, 2.125, 2.375, 2.625, 2.875, 3.375, 3.375, 3.375, 3.375]
[0.6403195311147832, 0.9604792966721749, 1.210479296672175, 1.710479296672175, 1.960479296672175, 2.116729296672175, 2.272979296672175, 2.585479296672175, 2.741729296672175, 2.897979296672175, 4.304229296672175]
[0.7144425117486695, 1.2775369821444211, 1.5900369821444214, 2.0587869821444214, 2.3712869821444214, 2.762817864172808, 2.950317864172808, 3.231567864172808, 3.512817864172808, 3.700317864172808, 5.257677617028944]
[0.528805150292602, 1.0166788391728176, 1.295601239524124, 1.7044623309573752, 1.9650214338798597, 2.316697726088173, 2.5462467896608265, 2.853973688587312, 3.1352236885873115, 3.3227236885873115, 5.862595888104433]
[1.1920686685395112, 1.8643218390208263, 2.4545811824784414, 2.9608958720504814, 3.419415792014044, 3.8031880466085863, 4.168550261631639, 4.4723676946972715, 4.8004926946972715, 5.0739301946972715, 5.770931646793347]
[0.6563944791758811, 1.1217961114132764, 1.5769830583378028, 2.0164907630465208, 2.440588063414166, 2.846296819763861, 3.226988277968117, 3.5847677804211306, 3.989813675862359, 4.293369836840843, 6.654280009626837]
[1.7398506901497395, 2.853914141159144, 3.6785945779544735, 4.311223881247394, 4.866586834679882, 5.267010586272092, 5.573588209123081, 5.786752500234026, 5.947860542526656, 6.039091207319813, 6.0656144709637285]
[1.6419706224188029, 2.657302931113021, 3.4572183492342883, 4.126315704766598, 4.7113163151617945, 5.130746654806646, 5.46865302062954, 5.741191676577189, 5.973666312936433, 6.122660150748454, 6.269711581588265]
[1.7382341797751792, 3.1768496126521173, 4.333284038514657, 5.243282030104515, 6.042493024640896, 6.431781461912911, 6.720567427876771, 6.963589025114525, 7.005584888412789, 7.005584888412789, 7.005584888412789]
[1.9031985252184886, 3.285977550818984, 4.446730134891747, 5.363241343017762, 6.0701577711721155, 6.444998264964834, 6.7262825177815815, 6.9249099592055146, 6.937765601622582, 6.937765601622582, 6.937765601622583]
[4.130568915552533, 6.154823350384892, 6.18055508513178, 6.18055508513178, 6.18055508513178, 6.18055508513178, 6.18055508513178, 6.18055508513178, 6.18055508513178, 6.18055508513178, 6.18055508513178]
[3.1215254244318795, 5.228891125854158, 6.406202981706819, 7.003868441521391, 7.031808685385999, 7.031808685386, 7.0318086853859985, 7.031808685386, 7.031808685385999, 7.031808685385999, 7.031808685386]
[6.210794953069219, 6.258061341774074, 6.258061341774074, 6.258061341774074, 6.258061341774074, 6.258061341774074, 6.2580613417740745, 6.258061341774074, 6.258061341774074, 6.258061341774074, 6.258061341774074]
[6.454607993092536, 6.454607996329738, 6.454607996329739, 6.454607996329738, 6.454607996329738, 6.454607996329739, 6.454607996329738, 6.454607996329738, 6.454607996329737, 6.454607996329738]

L = 9

[0.49999999999999994, 0.9999999999999999, 0.9999999999999999, 0.9999999999999999, 0.9999999999999999, 0.9999999999999999, 0.9999999999999999, 0.9999999999999999, 0.9999999999999999, 0.9999999999999999, 0.9999999999999999]
[0.5, 1.0, 1.0, 1.5, 2.0, 2.0, 2.0, 2.0, 2.0, 2.0, 2.0]
[0.9023755142062793, 1.2773755142062793, 1.6523755142062793, 2.4023755142062795, 2.6119069720731005, 2.6119069720731005, 2.6119069720731005, 2.6119069720731005, 2.6119069720731005, 2.6119069720731005, 2.6119069720731005]
[0.75, 1.125, 1.375, 1.875, 2.125, 2.375, 2.625, 3.125, 3.375, 3.625, 3.625]
[1.2075480476743472, 2.000153120753885, 2.3590496767318925, 2.8277996767318925, 3.1402996767318925, 3.6090496767318925, 3.7802334107032496, 3.7802334107032496, 3.780233410703249, 3.780233410703249, 3.780233410703249]
[0.8903195311147832, 1.6403195311147831, 2.0542292966721747, 2.675093945008262, 3.089003710565653, 3.709868358901741, 4.1237781244591325, 4.1237781244591325, 4.1237781244591325, 4.1237781244591325, 4.1237781244591325]
[1.5521042764171977, 2.4347640419745895, 3.216014041974589, 3.879923807531981, 4.448168631700025, 4.627805160647001, 4.627805160647002, 4.627805160647002, 4.627805160647002, 4.627805160647002, 4.627805160647002]
[1.1680257115804724, 1.927126108432083, 2.581037586382616, 3.215612293329356, 3.7214120071936443, 4.190162007193644, 4.5680013998100915, 4.868353795123312, 5.196478795123312, 5.361541252772919, 5.499802230270151]
[2.6291054957901547, 4.282248921504756, 4.282248921504756, 4.282248921504756, 4.282248921504756, 4.282248921504756, 4.282248921504756, 4.282248921504756, 4.282248921504756, 4.282248921504756, 4.282248921504756]
[1.9326153004121747, 3.1183692445524085, 4.175470897339728, 5.006162840538532, 5.416113348330896, 5.416113348330896, 5.416113348330896, 5.416113348330896, 5.416113348330896, 5.416113348330896, 5.416113348330896]
[3.633583344688042, 5.019127928919103, 5.128279260085158, 5.128279260085158, 5.128279260085158, 5.128279260085158, 5.128279260085158, 5.128279260085158, 5.128279260085158, 5.128279260085158, 5.128279260085158]
[4.293934091396753, 4.293934091396753, 4.293934091396753, 4.293934091396753, 4.293934091396753, 4.293934091396753, 4.293934091396753, 4.293934091396753, 4.293934091396753, 4.293934091396753, 4.293934091396753]
[5.018524166829991, 5.402252583344504, 5.402252583344504, 5.402252583344504, 5.402252583344504, 5.402252583344504, 5.402252583344504, 5.402252583344504, 5.402252583344504, 5.402252583344504, 5.402252583344504]
[4.607003553018085, 4.607003553018085, 4.607003553018085, 4.607003553018085, 4.607003553018085, 4.607003553018085, 4.607003553018085, 4.607003553018085, 4.607003553018085, 4.607003553018085, 4.607003553018085]
[4.321828986714297, 4.321828986714297, 4.321828986714297, 4.321828986714297, 4.321828986714297, 4.321828986714297, 4.321828986714297, 4.321828986714297, 4.321828986714297, 4.321828986714297, 4.321828986714297]
[5.910938883577165, 5.910938883577165, 5.910938883577165, 5.910938883577165, 5.910938883577165, 5.910938883577165, 5.910938883577165, 5.910938883577165, 5.910938883577165, 5.910938883577165, 5.910938883577165]
[5.161579390132745, 5.161579390132745, 5.161579390132745, 5.161579390132745, 5.161579390132745, 5.161579390132745, 5.161579390132745, 5.161579390132745, 5.161579390132745, 5.161579390132745, 5.161579390132745]
[5.194153713016787, 5.194153713016787, 5.194153713016787, 5.194153713016787, 5.194153713016787, 5.194153713016787, 5.194153713016787, 5.194153713016787, 5.194153713016787, 5.194153713016787, 5.194153713016787]
[5.613198661218231, 5.613198661218231, 5.613198661218229, 5.613198661218231, 5.61319866121823, 5.613198661218229, 5.613198661218229, 5.613198661218231, 5.613198661218231, 5.61319866121823]
