
L = 4

[
[-6.406853007629837e-16, -6.406853007629837e-16, -6.406853007629837e-16, -6.406853007629837e-16, -6.406853007629837e-16, -6.406853007629837e-16, -6.406853007629837e-16, -6.406853007629837e-16, -6.406853007629837e-16, -6.406853007629837e-16, -6.406853007629837e-16],[0.49999999999999994, 0.49999999999999994, 0.49999999999999994, 0.49999999999999994, 0.49999999999999994, 0.49999999999999994, 1.0, 1.0, 1.0, 1.0, 1.5],[0.49999999999999994, 0.49999999999999994, 0.49999999999999994, 0.49999999999999994, 0.49999999999999994, 0.49999999999999994, 1.0, 1.0, 1.0, 1.0, 1.5],[0.49999999999999994, 0.49999999999999994, 0.49999999999999994, 1.0, 1.0, 1.0, 1.5, 1.5, 1.5, 1.5, 1.5],[0.49999999999999994, 0.49999999999999994, 0.49999999999999994, 1.0, 1.0, 1.0, 1.5, 1.5, 1.5, 1.5, 1.5],[0.49999999999999994, 1.0, 1.0, 1.5, 1.5, 1.5, 1.5, 1.5, 1.5, 1.5, 1.5],[0.5000000000000001, 1.0, 1.0, 1.5, 2.0, 2.0, 2.0, 2.0, 2.0, 2.0, 1.9999999999999998],[1.0, 1.5, 1.5, 1.5, 1.5, 1.5, 1.5, 1.5, 1.5, 1.5, 1.5],[1.0, 1.5, 1.5, 1.5, 1.5, 1.5, 1.5, 1.5, 1.5, 1.5, 1.5]
]

L = 5

[
[-6.406853007629837e-16, -6.406853007629837e-16, -6.406853007629837e-16, -6.406853007629837e-16, -6.406853007629837e-16, -6.406853007629837e-16, -6.406853007629837e-16, -6.406853007629837e-16, -6.406853007629837e-16, -6.406853007629837e-16, -6.406853007629837e-16],[0.49999999999999994, 0.49999999999999994, 0.49999999999999994, 0.49999999999999994, 0.49999999999999994, 0.49999999999999994, 1.0, 1.0, 1.0, 1.0, 1.0],[0.49999999999999994, 0.49999999999999994, 0.49999999999999994, 0.9999999999999999, 0.9999999999999999, 0.9999999999999999, 0.9999999999999999, 0.9999999999999999, 0.9999999999999999, 0.9999999999999999, 0.9999999999999999],[0.49999999999999994, 0.49999999999999994, 0.49999999999999994, 0.9999999999999999, 0.9999999999999999, 0.9999999999999999, 0.9999999999999999, 0.9999999999999999, 0.9999999999999999, 0.9999999999999999, 0.9999999999999999],[-6.406853007629837e-16, -6.406853007629837e-16, -6.406853007629837e-16, -6.406853007629837e-16, -6.406853007629837e-16, -6.406853007629837e-16, -6.406853007629837e-16, -6.406853007629837e-16, -6.406853007629837e-16, -6.406853007629837e-16, -6.406853007629837e-16],[0.4999999999999999, 0.9999999999999998, 0.9999999999999998, 0.9999999999999998, 0.9999999999999998, 0.9999999999999998, 0.9999999999999998, 0.9999999999999998, 0.9999999999999998, 0.9999999999999998, 0.9999999999999998],[3.203426503814918e-16, 3.203426503814918e-16, 3.203426503814918e-16, 3.203426503814918e-16, 3.203426503814918e-16, 3.203426503814918e-16, 3.203426503814918e-16, 3.203426503814918e-16, 3.203426503814918e-16, 3.203426503814918e-16, 3.203426503814918e-16],[-2.562741203051937e-15, -2.562741203051937e-15, -2.562741203051937e-15, -2.562741203051937e-15, -2.562741203051937e-15, -2.562741203051937e-15, -2.562741203051937e-15, -2.562741203051937e-15, -2.562741203051937e-15, -2.562741203051937e-15, -2.562741203051937e-15],[-6.406853007629837e-16, -6.406853007629837e-16, -6.406853007629837e-16, -6.406853007629837e-16, -6.406853007629837e-16, -6.406853007629837e-16, -6.406853007629837e-16, -6.406853007629837e-16, -6.406853007629837e-16, -6.406853007629837e-16, -6.406853007629837e-16],[1.0, 1.0, 1.0, 1.0, 1.0, 1.0, 1.0, 1.0, 1.0, 1.0, 1.0],[-0.0, -0.0, -0.0, -0.0, -0.0, -0.0, -0.0, -0.0, -0.0, -0.0, -0.0]
]

L = 6

[
[0.49999999999999994, 0.49999999999999994, 0.49999999999999994, 0.49999999999999994, 0.49999999999999994, 0.49999999999999994, 0.9999999999999999, 0.9999999999999999, 0.9999999999999999, 0.9999999999999999, 0.9999999999999999],[0.5, 0.5, 0.5, 1.0, 1.0, 1.0, 1.5, 1.5, 1.5, 2.0, 2.0],[0.5, 0.5, 0.5, 1.0, 1.0, 1.0, 1.375, 1.375, 1.375, 1.75, 2.5],[0.5, 0.875, 0.875, 1.25, 1.625, 1.625, 2.0, 2.375, 2.375, 2.625, 2.875],[0.375, 0.75, 0.75, 1.0, 1.25, 1.25, 1.5, 1.75, 1.75, 2.0, 3.875],[0.7867280246382005, 1.106887790195592, 1.4270475557529836, 1.9759779950360015, 2.1829328778146975, 2.389887760593393, 2.5968426433720886, 3.0107524089294797, 3.2177072917081753, 3.424662174486871, 3.695616013188976],[0.5670241906761355, 0.8363263390122229, 1.0833963633294368, 1.5419669187293867, 1.7489218015080825, 1.9558766842867783, 2.1121266842867783, 2.4246266842867783, 2.5808766842867783, 2.719752669909928, 4.684384147864684],[0.8489745608113928, 1.5898344233098176, 1.9724602556357906, 2.4412102556357906, 2.735720289770498, 3.1241627051239327, 3.3779925879026287, 3.7255724706813247, 4.006822470681325, 4.194322470681325, 4.794304514755815],[0.8764671623591198, 1.675302334090291, 2.1549635924174178, 2.8204890305960637, 3.1972512375428033, 3.689209789830242, 3.977762326568296, 4.20312163466417, 4.2031216346641695, 4.2031216346641695, 4.2031216346641695],[1.6554527964891754, 2.8136663899865058, 3.6844728124503656, 4.204536434675962, 4.204536434675962, 4.204536434675962, 4.204536434675962, 4.204536434675962, 4.204536434675962, 4.204536434675962, 4.204536434675962],[2.2584754325170078, 3.1658354779083493, 3.1658354779083497, 3.1658354779083497, 3.1658354779083497, 3.1658354779083497, 3.1658354779083497, 3.1658354779083497, 3.1658354779083497, 3.1658354779083497, 3.1658354779083497],[2.4654294025166608, 3.888310631408116, 4.678999299220461, 4.678999299220461, 4.678999299220461, 4.678999299220461, 4.678999299220461, 4.678999299220461, 4.678999299220461, 4.678999299220461, 4.678999299220461],[2.5307310502292935, 4.143976652545242, 4.3954223573563045, 4.495370229591806, 4.532099807748121, 4.5359498900438675, 4.536259766375599, 4.536276456989316, 4.536278688442983, 4.536278698351797, 4.536278698432772]
]

L = 7

[
[0.49999999999999994, 0.49999999999999994, 0.49999999999999994, 0.9999999999999999, 0.9999999999999999, 0.9999999999999999, 0.9999999999999999, 0.9999999999999999, 0.9999999999999999, 0.9999999999999999, 0.9999999999999999],[0.5, 0.5, 0.5, 1.0, 1.0, 1.0, 1.5, 1.5, 1.5, 2.0, 2.0],[0.5, 0.875, 0.875, 1.25, 1.625, 1.625, 2.0, 2.375, 2.375, 2.75, 2.75],[0.375, 0.75, 0.75, 1.125, 1.5, 1.5, 1.875, 2.125, 2.125, 2.375, 3.375],[0.6304072660268981, 0.8804072660268982, 1.1304072660268982, 1.6304072660268982, 1.8804072660268982, 2.1304072660268982, 2.3804072660268982, 2.74867212715453, 2.90492212715453, 3.06117212715453, 4.276583480823842],[0.7241955553999495, 1.073391110799899, 1.4225866661998485, 2.0629061973146317, 2.383065962872023, 2.633065962872023, 2.883065962872023, 3.296975728429415, 3.503930611208111, 3.503930611208111, 3.503930611208111],[0.8723434418893858, 1.6242491192368775, 2.0514359004510436, 2.6215956660084356, 2.9340956660084356, 3.4028456660084356, 3.665425216010405, 3.946675216010405, 4.210430956180242, 4.348225897941973, 4.571786317077057],[0.8393617536012354, 1.493938959643054, 1.9078487252004457, 2.333807891750408, 2.617780669450383, 3.043739836000345, 3.319971855466937, 3.700716679634981, 4.081461503803024, 4.33529138658172, 4.716036210749763],[1.5446341864304247, 2.6569451365513292, 3.6186361876894444, 4.270044549043562, 4.270044549043563, 4.270044549043563, 4.270044549043563, 4.270044549043563, 4.270044549043563, 4.270044549043563, 4.270044549043563],[1.4038797111655743, 2.342630437139369, 3.079343472262797, 3.752139211170667, 4.3081222209047345, 4.683287466147004, 4.8762639552890095, 4.8762639552890095, 4.8762639552890095, 4.8762639552890095, 4.8762639552890095],[2.809716390676463, 4.218393485394501, 4.218393485394501, 4.218393485394501, 4.218393485394501, 4.218393485394501, 4.218393485394501, 4.218393485394501, 4.218393485394501, 4.218393485394501, 4.218393485394501],[2.7889032166958136, 4.228909993638807, 4.228909993638807, 4.228909993638807, 4.228909993638807, 4.228909993638807, 4.228909993638807, 4.228909993638807, 4.228909993638807, 4.228909993638807, 4.228909993638807],[3.5637513147177993, 4.8608639592676735, 4.8608639592676735, 4.8608639592676735, 4.8608639592676735, 4.8608639592676735, 4.8608639592676735, 4.8608639592676735, 4.8608639592676735, 4.8608639592676735, 4.8608639592676735],[4.015515973349293, 4.73264613615809, 4.73264613615809, 4.73264613615809, 4.73264613615809, 4.73264613615809, 4.73264613615809, 4.73264613615809, 4.73264613615809, 4.73264613615809, 4.73264613615809],[4.159783365726787, 4.5522547521814465, 4.628327379260476, 4.639584362829883, 4.640894113430216, 4.6409996433453, 4.641011832681358, 4.6410122330964985, 4.641012239621965, 4.641012239627643, 4.641012239627643]
]

L = 8

[
[0.49999999999999994, 0.49999999999999994, 0.49999999999999994, 0.9999999999999999, 0.9999999999999999, 0.9999999999999999, 0.9999999999999999, 0.9999999999999999, 0.9999999999999999, 0.9999999999999999, 0.9999999999999999],[0.5, 1.0, 1.0, 1.5, 2.0, 2.0, 2.0, 2.0, 2.0, 2.0, 2.0],[0.5, 0.875, 0.875, 1.25, 1.625, 1.625, 2.0, 2.375, 2.375, 2.75, 2.75],[0.8278195311147831, 1.0778195311147831, 1.3278195311147831, 1.8278195311147831, 2.077819531114783, 2.327819531114783, 2.577819531114783, 3.077819531114783, 3.327819531114783, 3.577819531114783, 3.577819531114783],[0.7119152235158555, 1.032074989073247, 1.3373480815123262, 1.8373480815123262, 2.087348081512326, 2.337348081512326, 2.518527314305514, 2.831027314305514, 2.987277314305514, 3.143527314305514, 4.067137423957632],[0.6851275514298777, 1.3059921997659651, 1.6508844822644013, 2.1196344822644013, 2.4321344822644013, 2.9008844822644013, 3.0883844822644013, 3.3696344822644013, 3.6508844822644013, 3.8383844822644013, 5.16738026545708],[0.671590346483904, 1.262233337993618, 1.608831560319064, 2.0595245851670505, 2.3405927800282065, 2.6875385340819147, 2.8750385340819147, 3.1562885340819147, 3.437538534081915, 3.625038534081915, 5.491864352735396],[1.483460729678375, 2.232469754869006, 2.7866863680085983, 3.2554363680085983, 3.691736994154619, 4.067618097627989, 4.420299802733211, 4.6937373027332105, 5.0039519699122925, 5.1602019699122925, 5.286619515548294],[0.7690540870029527, 1.3219111494189926, 1.8232669909634283, 2.286649712778131, 2.7163186549240064, 3.1170419019360738, 3.484944037467261, 3.816921900547619, 4.175646719964418, 4.444848044644795, 6.590593171703367],[1.1364251694761547, 2.028433373448592, 2.8430140746345907, 3.608573883485538, 4.339520599781235, 4.840878269161059, 5.283307093393908, 5.647583454684499, 5.979711384181484, 6.242592052642101, 6.687391374879052],[1.1274943941192375, 2.0257437907120064, 2.816978860722056, 3.4913803343090373, 4.1390185728516675, 4.655459912972, 5.09585861978244, 5.483926095337426, 5.843648429312505, 6.106391538164967, 6.816644163023984],[1.8635395137178048, 3.258545354786604, 4.413872221392598, 5.292710097342686, 6.025229150681363, 6.486370318076733, 6.7588070156563544, 6.943560221038206, 6.957398050325162, 6.957398050325163, 6.957398050325163],[2.3609449332195904, 4.024836673091373, 5.264566532698807, 6.166248495691344, 6.239046144975296, 6.239046144975296, 6.239046144975296, 6.239046144975296, 6.239046144975296, 6.239046144975296, 6.239046144975296],[3.676086507708532, 6.248029460090572, 6.332253557519227, 6.332253557519227, 6.332253557519227, 6.332253557519227, 6.332253557519227, 6.332253557519227, 6.332253557519227, 6.332253557519227, 6.332253557519227],[3.1267627074668667, 5.220308405494321, 6.373959436312251, 7.012577785142836, 7.040731059635418, 7.040731059635418, 7.040731059635418, 7.0407310596354185, 7.040731059635418, 7.040731059635418, 7.040731059635418],[5.177237042916892, 7.0398471661239395, 7.076548890036571, 7.076548890036573, 7.076548890036572, 7.076548890036571, 7.076548890036572, 7.076548890036573, 7.076548890036572, 7.076548890036572, 7.076548890036572],[4.956790388433784, 6.815228448665737, 7.210654130397498, 7.298041869535633, 7.333481115532447, 7.349214661524698, 7.356092271799015, 7.3586281752970075, 7.3592671692982705, 7.3594139560897895, 7.35945126027712]
]

L = 9

[
[0.49999999999999994, 0.9999999999999999, 0.9999999999999999, 0.9999999999999999, 0.9999999999999999, 0.9999999999999999, 0.9999999999999999, 0.9999999999999999, 0.9999999999999999, 0.9999999999999999, 0.9999999999999999],[0.5, 1.0, 1.0, 1.5, 2.0, 2.0, 2.0, 2.0, 2.0, 2.0, 2.0],[1.0, 1.375, 1.75, 2.5, 2.5, 2.5, 2.5, 2.5, 2.5, 2.5, 2.5],[0.75, 1.125, 1.375, 1.875, 2.125, 2.375, 2.625, 3.125, 3.375, 3.625, 3.625],[1.0351921111274094, 1.7851921111274094, 2.2851921111274094, 3.0351921111274094, 3.3476921111274094, 3.8164421111274094, 3.8637963776130797, 3.8637963776130797, 3.8637963776130793, 3.8637963776130793, 3.8637963776130793],[0.9519655861986106, 1.7766643213724604, 2.2766643213724604, 2.9405740869298524, 3.3037789697085485, 3.7219320212408604, 3.9094320212408604, 4.09693202124086, 4.09693202124086, 4.09693202124086, 4.09693202124086],[1.5814549345433635, 2.6208738633419792, 3.314118687510023, 3.915528453067415, 4.361134876444117, 4.60899510158169, 4.628316095024628, 4.628316095024628, 4.628316095024628, 4.628316095024628, 4.628316095024628],[1.3978048684008217, 2.3211366064623444, 3.0843884617451716, 3.7189631686919116, 4.205278348659961, 4.581159452133331, 4.790504309247867, 4.92462762701898, 4.944698943276459, 4.944698943276459, 4.944698943276459],[1.955689832618519, 3.3726983565030384, 4.4952488445645615, 5.201534073942659, 5.201534073942659, 5.201534073942659, 5.201534073942659, 5.201534073942659, 5.201534073942659, 5.201534073942659, 5.201534073942659],[1.9344500898239354, 3.317265599778673, 4.478380179252959, 5.156821535526346, 5.264040919003334, 5.264040919003334, 5.264040919003334, 5.264040919003334, 5.264040919003334, 5.264040919003334, 5.264040919003334],[3.3124250187984536, 5.160660311139715, 5.269771231780282, 5.269771231780282, 5.269771231780282, 5.269771231780282, 5.269771231780282, 5.269771231780282, 5.269771231780282, 5.269771231780282, 5.269771231780282],[2.8628667483084507, 4.365587679291585, 5.520131687484053, 5.870514132335547, 5.870514132335547, 5.870514132335547, 5.870514132335547, 5.870514132335547, 5.870514132335547, 5.870514132335547, 5.870514132335547],[4.186583561960456, 6.007694895948045, 6.007694895948045, 6.007694895948045, 6.007694895948045, 6.007694895948045, 6.0076948959480445, 6.007694895948045, 6.007694895948045, 6.007694895948045, 6.007694895948045],[5.070152731586899, 5.471240394730911, 5.471240394730911, 5.471240394730911, 5.471240394730911, 5.471240394730911, 5.471240394730911, 5.471240394730911, 5.471240394730911, 5.471240394730911, 5.471240394730911],[5.266692135752839, 5.266692135752839, 5.266692135752839, 5.266692135752839, 5.266692135752839, 5.266692135752839, 5.266692135752839, 5.266692135752839, 5.266692135752839, 5.266692135752839, 5.266692135752839],[5.253282441126798, 5.253282441126798, 5.253282441126798, 5.253282441126798, 5.253282441126798, 5.253282441126798, 5.253282441126798, 5.253282441126798, 5.253282441126798, 5.253282441126798, 5.253282441126798],[5.1060175456045425, 5.1060175456045425, 5.1060175456045425, 5.1060175456045425, 5.1060175456045425, 5.1060175456045425, 5.1060175456045425, 5.1060175456045425, 5.1060175456045425, 5.1060175456045425, 5.1060175456045425],[5.230372773385042, 5.230372773385042, 5.230372773385042, 5.230372773385042, 5.230372773385042, 5.230372773385042, 5.230372773385042, 5.230372773385042, 5.230372773385042, 5.230372773385042, 5.230372773385042],[5.856191444558892, 5.867465866761216, 5.867465886613575, 5.867465886613575, 5.867465886613575, 5.867465886613575, 5.867465886613574, 5.867465886613575, 5.867465886613574, 5.867465886613575, 5.867465886613575]
]

L = 4

[
[-6.406853007629837e-16, -6.406853007629837e-16, -6.406853007629837e-16, -6.406853007629837e-16, -6.406853007629837e-16, -6.406853007629837e-16, -6.406853007629837e-16, -6.406853007629837e-16, -6.406853007629837e-16, -6.406853007629837e-16, -6.406853007629837e-16],[0.5, 0.5, 0.5, 0.5, 0.5, 0.5, 1.0, 1.0, 1.0, 1.0, 2.0],[0.49999999999999994, 0.49999999999999994, 0.49999999999999994, 0.49999999999999994, 0.49999999999999994, 0.49999999999999994, 1.0, 1.0, 1.0, 1.0, 1.5],[0.49999999999999994, 0.49999999999999994, 0.49999999999999994, 1.0, 1.0, 1.0, 1.5, 1.5, 1.5, 1.5, 1.5],[0.49999999999999994, 0.49999999999999994, 0.49999999999999994, 1.0, 1.0, 1.0, 1.5, 1.5, 1.5, 1.5, 1.5],[0.5, 1.0, 1.0, 1.5, 2.0, 2.0, 2.0, 2.0, 2.0, 2.0, 2.0],[0.5, 1.0, 1.0, 1.5, 2.0, 2.0, 2.0, 2.0, 2.0, 2.0, 2.0],[1.0, 1.5, 1.5, 1.5, 1.5, 1.5, 1.5, 1.5, 1.5, 1.5, 1.5],[1.0242724216239032, 1.5242724216239032, 1.8004380183464286, 1.8004380183464286, 1.8004380183464286, 1.8004380183464286, 1.8004380183464286, 1.8004380183464286, 1.8004380183464286, 1.8004380183464286, 1.8004380183464286]
]

L = 5

[
[0.49999999999999994, 0.49999999999999994, 0.49999999999999994, 0.49999999999999994, 0.49999999999999994, 0.49999999999999994, 0.9999999999999999, 0.9999999999999999, 0.9999999999999999, 0.9999999999999999, 0.9999999999999999],[0.49999999999999994, 0.49999999999999994, 0.49999999999999994, 0.49999999999999994, 0.49999999999999994, 0.49999999999999994, 0.9999999999999999, 0.9999999999999999, 0.9999999999999999, 0.9999999999999999, 0.9999999999999999],[0.49999999999999994, 0.49999999999999994, 0.49999999999999994, 0.9999999999999999, 0.9999999999999999, 0.9999999999999999, 0.9999999999999999, 0.9999999999999999, 0.9999999999999999, 0.9999999999999999, 0.9999999999999999],[-0.0, -0.0, -0.0, -0.0, -0.0, -0.0, -0.0, -0.0, -0.0, -0.0, -0.0],[0.49999999999999994, 0.9999999999999999, 0.9999999999999999, 0.9999999999999999, 0.9999999999999999, 0.9999999999999999, 0.9999999999999999, 0.9999999999999999, 0.9999999999999999, 0.9999999999999999, 0.9999999999999999],[0.49999999999999994, 0.9999999999999999, 0.9999999999999999, 0.9999999999999999, 0.9999999999999999, 0.9999999999999999, 0.9999999999999999, 0.9999999999999999, 0.9999999999999999, 0.9999999999999999, 0.9999999999999999],[3.203426503814918e-16, 3.203426503814918e-16, 3.203426503814918e-16, 3.203426503814918e-16, 3.203426503814918e-16, 3.203426503814918e-16, 3.203426503814918e-16, 3.203426503814918e-16, 3.203426503814918e-16, 3.203426503814918e-16, 3.203426503814918e-16],[1.0, 1.0, 1.0, 1.0, 1.0, 1.0, 1.0, 1.0, 1.0, 1.0, 1.0],[0.9999999999999998, 0.9999999999999998, 0.9999999999999998, 0.9999999999999998, 0.9999999999999998, 0.9999999999999998, 0.9999999999999998, 0.9999999999999998, 0.9999999999999998, 0.9999999999999998, 0.9999999999999998],[1.0000000000000004, 1.0000000000000004, 1.0000000000000004, 1.0000000000000004, 1.0000000000000004, 1.0000000000000004, 1.0000000000000004, 1.0000000000000004, 1.0000000000000004, 1.0000000000000004, 1.0000000000000004],[0.9999999999999998, 0.9999999999999998, 0.9999999999999998, 0.9999999999999998, 0.9999999999999998, 0.9999999999999998, 0.9999999999999998, 0.9999999999999998, 0.9999999999999998, 0.9999999999999998, 0.9999999999999998]
]

L = 6

[
[0.49999999999999994, 0.49999999999999994, 0.49999999999999994, 0.49999999999999994, 0.49999999999999994, 0.49999999999999994, 0.9999999999999999, 0.9999999999999999, 0.9999999999999999, 0.9999999999999999, 0.9999999999999999],[0.5, 0.5, 0.5, 1.0, 1.0, 1.0, 1.5, 1.5, 1.5, 2.0, 2.0],[0.5, 0.5, 0.5, 0.875, 0.875, 0.875, 1.25, 1.25, 1.25, 1.625, 2.75],[0.4528195311147832, 0.8278195311147831, 0.8278195311147831, 1.2028195311147831, 1.5778195311147831, 1.5778195311147831, 1.8278195311147831, 2.077819531114783, 2.077819531114783, 2.327819531114783, 3.327819531114783],[0.3750000000000001, 0.7500000000000001, 0.7500000000000001, 1.0000000000000002, 1.2500000000000002, 1.2500000000000002, 1.5000000000000002, 1.7500000000000002, 1.7500000000000002, 2.0, 3.875],[0.8032194498311207, 1.1233792153885123, 1.4435389809459038, 2.083858512060687, 2.333858512060687, 2.5408133948393825, 2.7477682776180785, 3.1616780431754705, 3.3686329259541665, 3.4889107763531957, 3.598350192791631],[0.698391110799899, 1.0185508763572906, 1.3387106419146821, 1.7972811973146319, 2.0265664750146066, 2.2558517527145816, 2.4628066354932776, 2.8767164010506696, 3.0836712838293656, 3.290626166608061, 3.9114908149441483],[0.9084742706964188, 1.7295216501451205, 2.164576444783958, 2.687935990774924, 3.0004359907749243, 3.416504380709092, 3.670334263487788, 4.001596302250195, 4.264272522944869, 4.355836384036104, 4.464897149273433],[0.8138239641772955, 1.464649171788817, 1.8042638201249046, 2.285864857310979, 2.569837635010954, 2.9803599729640076, 3.2341898557427036, 3.6149346799107476, 3.995679504078791, 4.19035242653191, 4.904893807705254],[1.507494036612426, 2.3676436883794874, 3.0388883058067595, 3.6615493742173215, 4.198997341175727, 4.648467274888433, 4.824648999547335, 4.824648999547335, 4.824648999547335, 4.824648999547335, 4.824648999547335],[2.118401417420581, 3.297331276187033, 3.297331276187033, 3.297331276187033, 3.297331276187033, 3.297331276187033, 3.297331276187033, 3.297331276187033, 3.297331276187033, 3.297331276187033, 3.297331276187033],[2.6324860669239603, 4.288641978597762, 4.288641978597761, 4.288641978597761, 4.288641978597761, 4.288641978597761, 4.288641978597761, 4.288641978597761, 4.288641978597761, 4.288641978597761, 4.288641978597761],[2.172948077806425, 3.854624076327805, 4.569674464303578, 4.820176750683633, 4.951607980206443, 5.016114683961427, 5.050643781190556, 5.065171914574097, 5.071659768135037, 5.073914590294817, 5.0749599355339745]
]

L = 7

[
[0.49999999999999994, 0.49999999999999994, 0.49999999999999994, 0.9999999999999999, 0.9999999999999999, 0.9999999999999999, 0.9999999999999999, 0.9999999999999999, 0.9999999999999999, 0.9999999999999999, 0.9999999999999999],[0.49999999999999994, 0.49999999999999994, 0.49999999999999994, 1.0, 1.0, 1.0, 1.5, 1.5, 1.5, 1.5, 1.5],[0.5, 0.875, 0.875, 1.25, 1.625, 1.625, 2.0, 2.375, 2.375, 2.75, 2.75],[0.375, 0.75, 0.75, 1.125, 1.375, 1.375, 1.625, 1.875, 1.875, 2.125, 3.625],[0.7500000000000001, 1.0000000000000002, 1.2500000000000002, 1.7500000000000002, 2.0, 2.25, 2.5, 3.0, 3.25, 3.40625, 3.875],[0.6951597655573918, 1.0153195311147833, 1.335479296672175, 1.835479296672175, 2.0424341794508707, 2.2493890622295667, 2.4563439450082627, 2.8702537105656547, 3.0772085933443507, 3.2841634761230463, 3.905028124459133],[0.9173469834919137, 1.601852871435574, 2.0157626369929655, 2.548523123232171, 2.861023123232171, 3.3297731232321706, 3.613628007929431, 3.980960939030924, 4.262210939030925, 4.410648439030925, 4.5553733634984015],[0.9282936510517372, 1.6161494841516615, 2.0701964701153264, 2.691061118451414, 2.9892975073014014, 3.3700423314694454, 3.6238722142481414, 3.9899993416370454, 4.252249057764441, 4.382112778459115, 4.51626314249865],[1.5446341864304258, 2.6569451365513306, 3.618636187689445, 4.270044549043563, 4.270044549043564, 4.270044549043564, 4.270044549043564, 4.270044549043564, 4.270044549043564, 4.270044549043564, 4.270044549043564],[1.5038439802672783, 2.6410749333255574, 3.6068658421258726, 4.286095138798048, 4.286095138798048, 4.286095138798048, 4.286095138798048, 4.286095138798048, 4.286095138798048, 4.286095138798048, 4.286095138798048],[2.8876632532004507, 4.152421355553111, 4.152421355553111, 4.152421355553111, 4.152421355553111, 4.152421355553111, 4.152421355553111, 4.152421355553111, 4.152421355553111, 4.152421355553111, 4.152421355553111],[2.4193931860132234, 4.036598665959335, 4.6364037171905546, 4.6364037171905546, 4.6364037171905546, 4.6364037171905546, 4.6364037171905546, 4.6364037171905546, 4.6364037171905546, 4.6364037171905546, 4.6364037171905546],[4.29150803339161, 4.29150803339161, 4.29150803339161, 4.29150803339161, 4.29150803339161, 4.29150803339161, 4.29150803339161, 4.29150803339161, 4.29150803339161, 4.29150803339161, 4.29150803339161],[4.2864686429222525, 4.2864686429222525, 4.2864686429222525, 4.2864686429222525, 4.2864686429222525, 4.2864686429222525, 4.2864686429222525, 4.2864686429222525, 4.2864686429222525, 4.2864686429222525, 4.2864686429222525],[4.087508110926338, 4.650828487169364, 4.733189661872607, 4.741496825559638, 4.741678738037322, 4.7416891617601795, 4.74168922311253, 4.741689223371047, 4.741689223372362, 4.741689223372362, 4.741689223372362]
]

L = 8

[
[0.49999999999999994, 0.49999999999999994, 0.49999999999999994, 0.9999999999999999, 0.9999999999999999, 0.9999999999999999, 0.9999999999999999, 0.9999999999999999, 0.9999999999999999, 0.9999999999999999, 0.9999999999999999],[0.5, 1.0, 1.0, 1.5, 2.0, 2.0, 2.0, 2.0, 2.0, 2.0, 2.0],[0.5, 0.875, 0.875, 1.25, 1.625, 1.625, 2.0, 2.375, 2.375, 2.75, 2.75],[0.75, 1.0, 1.25, 1.75, 2.0, 2.25, 2.5, 3.0, 3.25, 3.5, 3.75],[0.5701597655573917, 0.8201597655573918, 1.0701597655573918, 1.4764097655573918, 1.6326597655573918, 1.7889097655573916, 1.9451597655573916, 2.2576597655573916, 2.4139097655573916, 2.5701597655573916, 4.601409765557392],[0.7876723167237144, 1.4789397887086781, 1.8421446714873742, 2.3108946714873744, 2.6233946714873744, 3.0680799195870607, 3.281311199928824, 3.562561199928824, 3.8438111999288243, 4.031311199928824, 4.92431474715465],[0.6448451745151143, 1.1474619398128554, 1.4627047231204364, 1.9314547231204364, 2.2271659232960896, 2.6079107474641336, 2.8617406302428297, 3.1695136623041535, 3.4507636623041535, 3.6382636623041535, 5.4732775513485095],[0.7638232140086318, 1.2998105199410843, 1.7674599456241682, 2.198258177260836, 2.5899035740466787, 2.9657846775200487, 3.3416657809934187, 3.7175468844667887, 4.168604208634832, 4.512137980772967, 6.459487799748699],[1.221085818016773, 1.9477067240991548, 2.5644717976432942, 3.081372131727174, 3.532572511063812, 3.9200711072221694, 4.245546930664003, 4.518984430664002, 4.808718931595872, 5.025286481996791, 5.721001186658814],[1.7263851575023315, 2.820651017279663, 3.7712581164306616, 4.576982885208586, 5.220255464266336, 5.6291714802066695, 5.827911332545263, 5.827911332545263, 5.827911332545263, 5.827911332545263, 5.827911332545263],[1.4724962098349814, 2.398334675805041, 3.1862383567634516, 3.8649718082935283, 4.471830607939889, 4.903999188443537, 5.25264193232127, 5.530955534255445, 5.801278064777288, 6.020178928300441, 6.534156737726108],[1.8113454086947465, 3.118262904849719, 4.2817421161857245, 5.197157082470712, 5.792040888631656, 6.276202939504447, 6.703487880941841, 7.012188736493961, 7.049870166504939, 7.049870166504938, 7.04987016650494],[2.09338548737935, 3.5605334640688295, 4.759993689522998, 5.593583647276482, 6.1726850442417405, 6.508330670637905, 6.707327173487233, 6.735923227684003, 6.735923227684002, 6.735923227684003, 6.735923227684002],[3.9429692464685377, 6.1838516263333325, 6.2463516263333325, 6.2463516263333325, 6.2463516263333325, 6.2463516263333325, 6.2463516263333325, 6.2463516263333325, 6.2463516263333325, 6.2463516263333325, 6.2463516263333325],[3.1012234554188916, 5.150408992149666, 6.4075754096265705, 7.025845421865716, 7.047754927401866, 7.047754927401866, 7.047754927401866, 7.047754927401866, 7.047754927401867, 7.047754927401866, 7.047754927401866],[5.1823373089621185, 6.991621669489921, 7.0227032287571625, 7.0227032287571625, 7.022703228757162, 7.0227032287571625, 7.022703228757162, 7.0227032287571625, 7.0227032287571625, 7.022703228757162, 7.0227032287571625],[4.885812632112798, 6.681379535518489, 7.185189884771557, 7.32727145089777, 7.357917795098753, 7.36533073856376, 7.366953789434944, 7.367171424409559, 7.367183865227508, 7.367184054241171, 7.367184056629659]
]

L = 9

[
[0.49999999999999994, 0.9999999999999999, 0.9999999999999999, 0.9999999999999999, 0.9999999999999999, 0.9999999999999999, 0.9999999999999999, 0.9999999999999999, 0.9999999999999999, 0.9999999999999999, 0.9999999999999999],[0.5, 1.0, 1.0, 1.5, 2.0, 2.0, 2.0, 2.0, 2.0, 2.0, 2.0],[0.875, 1.25, 1.625, 2.375, 2.75, 2.75, 2.75, 2.75, 2.75, 2.75, 2.75],[0.75, 1.125, 1.5, 2.0, 2.25, 2.5, 2.75, 3.25, 3.5, 3.5, 3.5],[0.8201597655573917, 1.5701597655573916, 2.0701597655573916, 2.7264097655573916, 3.0389097655573916, 3.5076597655573916, 3.8201597655573916, 4.288909765557392, 4.288909765557392, 4.288909765557392, 4.288909765557392],[0.8278663108930336, 1.4599782643477404, 1.837262829344613, 2.306012829344613, 2.618512829344613, 3.0872628293446125, 3.3997628293446125, 3.746882104906183, 4.028132104906184, 4.215632104906184, 4.847625359781199],[1.8881556851720485, 2.9899212838293643, 3.8177408149441474, 3.8177408149441474, 3.8177408149441474, 3.8177408149441474, 3.8177408149441474, 3.8177408149441474, 3.8177408149441474, 3.8177408149441474, 3.8177408149441474],[1.1602479420242906, 1.9415814081199947, 2.6243771815154195, 3.2589518884621596, 3.840316723784224, 4.309066723784224, 4.685379759186189, 5.0242956325311825, 5.263182544643062, 5.3884702227890005, 5.407100999400363],[2.7192924021087217, 4.104017883019168, 4.414211614528183, 4.414211614528183, 4.414211614528183, 4.414211614528183, 4.414211614528183, 4.414211614528183, 4.414211614528183, 4.414211614528183, 4.414211614528183],[2.225746692435589, 3.6388826025529712, 4.651785490380707, 4.961629108131629, 4.961629108131629, 4.961629108131629, 4.961629108131629, 4.961629108131629, 4.961629108131629, 4.961629108131629, 4.961629108131629],[4.062582509042532, 4.633347100358748, 4.633347100358748, 4.633347100358748, 4.633347100358748, 4.633347100358748, 4.633347100358748, 4.633347100358748, 4.633347100358748, 4.633347100358748, 4.633347100358748],[3.0427170349234904, 5.04204784414379, 5.504024062545145, 5.504024062545145, 5.504024062545145, 5.504024062545145, 5.504024062545145, 5.504024062545145, 5.504024062545145, 5.504024062545145, 5.504024062545145],[5.251665217029724, 5.251665217029724, 5.251665217029724, 5.251665217029724, 5.251665217029724, 5.251665217029724, 5.251665217029724, 5.251665217029724, 5.251665217029724, 5.251665217029724, 5.251665217029724],[5.055152495959831, 5.303120561493429, 5.303120561493429, 5.303120561493429, 5.303120561493429, 5.303120561493429, 5.303120561493429, 5.303120561493429, 5.303120561493429, 5.303120561493429, 5.303120561493429],[5.560480318116733, 5.560480318116733, 5.560480318116733, 5.560480318116733, 5.560480318116733, 5.560480318116733, 5.560480318116733, 5.560480318116733, 5.560480318116733, 5.560480318116733, 5.560480318116733],[5.2302250255482505, 5.2302250255482505, 5.2302250255482505, 5.2302250255482505, 5.2302250255482505, 5.2302250255482505, 5.2302250255482505, 5.2302250255482505, 5.2302250255482505, 5.2302250255482505, 5.2302250255482505],[5.272245246015588, 5.272245246015588, 5.272245246015588, 5.272245246015588, 5.272245246015588, 5.272245246015588, 5.272245246015588, 5.272245246015588, 5.272245246015588, 5.272245246015588, 5.272245246015588],[5.305971649486411, 5.305971649486411, 5.305971649486411, 5.305971649486411, 5.305971649486411, 5.305971649486411, 5.305971649486411, 5.305971649486411, 5.305971649486411, 5.305971649486411, 5.305971649486411],[4.960905158333902, 4.961417208166787, 4.961417211236745, 4.961417211236745, 4.961417211236745, 4.961417211236745, 4.961417211236746, 4.961417211236745, 4.961417211236745, 4.961417211236745, 4.961417211236745]
]

