
L = 4

[
[0.49999999999999994, 0.49999999999999994, 0.49999999999999994, 0.49999999999999994, 0.49999999999999994, 0.49999999999999994, 0.49999999999999994, 0.49999999999999994, 0.49999999999999994, 0.49999999999999994, 0.9999999999999999],[0.49999999999999994, 0.49999999999999994, 0.49999999999999994, 0.49999999999999994, 0.49999999999999994, 0.49999999999999994, 1.0, 1.0, 1.0, 1.0, 1.5],[0.5, 0.5, 0.5, 0.5, 0.5, 0.5, 1.0, 1.0, 1.0, 1.0, 2.0],[0.5, 0.5, 0.5, 1.0, 1.0, 1.0, 1.5, 1.5, 1.5, 1.5, 1.5],[0.49999999999999994, 0.49999999999999994, 0.49999999999999994, 1.0, 1.0, 1.0, 1.5, 1.5, 1.5, 1.5, 1.5],[0.49999999999999994, 1.0, 1.0, 1.5, 1.5, 1.5, 1.5, 1.5, 1.5, 1.5, 1.5],[0.4999999999999999, 0.9999999999999999, 0.9999999999999999, 1.4999999999999998, 1.4999999999999998, 1.4999999999999998, 1.4999999999999998, 1.4999999999999998, 1.4999999999999998, 1.4999999999999998, 1.4999999999999998],[0.8112781244591327, 0.8112781244591327, 0.8112781244591327, 0.8112781244591327, 0.8112781244591327, 0.8112781244591327, 0.8112781244591327, 0.8112781244591327, 0.8112781244591327, 0.8112781244591327, 0.8112781244591327],[1.0, 1.5, 2.0, 2.0, 2.0, 1.9999999999999998, 1.9999999999999998, 1.9999999999999998, 1.9999999999999998, 1.9999999999999998, 1.9999999999999998]
]

L = 5

[
[0.49999999999999994, 0.49999999999999994, 0.49999999999999994, 0.49999999999999994, 0.49999999999999994, 0.49999999999999994, 0.9999999999999999, 0.9999999999999999, 0.9999999999999999, 0.9999999999999999, 0.9999999999999999],[0.49999999999999994, 0.49999999999999994, 0.49999999999999994, 0.49999999999999994, 0.49999999999999994, 0.49999999999999994, 0.9999999999999999, 0.9999999999999999, 0.9999999999999999, 0.9999999999999999, 0.9999999999999999],[0.49999999999999994, 0.49999999999999994, 0.49999999999999994, 1.0, 1.0, 1.0, 1.0, 1.0, 1.0, 1.0, 1.0],[0.49999999999999994, 0.49999999999999994, 0.49999999999999994, 1.0, 1.0, 1.0, 1.0, 1.0, 1.0, 1.0, 1.0],[0.49999999999999994, 0.9999999999999999, 0.9999999999999999, 0.9999999999999999, 0.9999999999999999, 0.9999999999999999, 0.9999999999999999, 0.9999999999999999, 0.9999999999999999, 0.9999999999999999, 0.9999999999999999],[0.4999999999999999, 0.9999999999999998, 0.9999999999999998, 0.9999999999999998, 0.9999999999999998, 0.9999999999999998, 0.9999999999999998, 0.9999999999999998, 0.9999999999999998, 0.9999999999999998, 0.9999999999999998],[-6.406853007629837e-16, -6.406853007629837e-16, -6.406853007629837e-16, -6.406853007629837e-16, -6.406853007629837e-16, -6.406853007629837e-16, -6.406853007629837e-16, -6.406853007629837e-16, -6.406853007629837e-16, -6.406853007629837e-16, -6.406853007629837e-16],[1.0, 1.0, 1.0, 1.0, 1.0, 1.0, 1.0, 1.0, 1.0, 1.0, 1.0],[0.9999999999999998, 0.9999999999999998, 0.9999999999999998, 0.9999999999999998, 0.9999999999999998, 0.9999999999999998, 0.9999999999999998, 0.9999999999999998, 0.9999999999999998, 0.9999999999999998, 0.9999999999999998],[1.0000000000000004, 1.0000000000000004, 1.0000000000000004, 1.0000000000000004, 1.0000000000000004, 1.0000000000000004, 1.0000000000000004, 1.0000000000000004, 1.0000000000000004, 1.0000000000000004, 1.0000000000000004],[1.0, 1.0, 1.0, 1.0, 1.0, 1.0, 1.0, 1.0, 1.0, 1.0, 1.0]
]

L = 6

[
[0.49999999999999994, 0.49999999999999994, 0.49999999999999994, 0.49999999999999994, 0.49999999999999994, 0.49999999999999994, 0.9999999999999999, 0.9999999999999999, 0.9999999999999999, 0.9999999999999999, 0.9999999999999999],[0.5, 0.5, 0.5, 1.0, 1.0, 1.0, 1.5, 1.5, 1.5, 2.0, 2.0],[0.5306390622295665, 0.5306390622295665, 0.5306390622295665, 1.0306390622295665, 1.0306390622295665, 1.0306390622295665, 1.4056390622295665, 1.4056390622295665, 1.4056390622295665, 1.7806390622295665, 2.1556390622295662],[0.4528195311147832, 0.8278195311147831, 0.8278195311147831, 1.2028195311147831, 1.5778195311147831, 1.5778195311147831, 1.9528195311147831, 2.202819531114783, 2.202819531114783, 2.452819531114783, 3.202819531114783],[0.3349362631784599, 0.6304072660268982, 0.6304072660268982, 0.8804072660268982, 1.1304072660268982, 1.1304072660268982, 1.3804072660268982, 1.6304072660268982, 1.6304072660268982, 1.8804072660268982, 4.276583480823842],[0.7585232116886711, 1.008523211688671, 1.258523211688671, 1.758523211688671, 2.008523211688671, 2.19864833969941, 2.35489833969941, 2.66739833969941, 2.82364833969941, 2.97989833969941, 4.2057393331900235],[0.6021657929468989, 0.8895151605338238, 1.1768645281207486, 1.698681323668753, 1.9445955763201588, 2.1627977642174745, 2.345534948010937, 2.6830362076099874, 2.8392862076099874, 2.9955362076099874, 4.461212409351533],[1.0328003686418386, 1.8939879398032857, 2.352558495203235, 2.973423143539323, 3.3873329090967146, 3.7831491807253976, 3.9100641221147456, 3.9100641221147456, 3.9100641221147456, 3.9100641221147456, 3.9100641221147456],[0.8654398024197261, 1.545874834117019, 1.9597845996744105, 2.528355610063202, 2.8679702583992897, 3.314518148142575, 3.568348030921271, 3.949092855089315, 4.286432393921995, 4.455358614616669, 4.606140830775491],[1.486735753710299, 2.6399339815540435, 3.6074012390846786, 4.286630535756854, 4.286630535756854, 4.286630535756854, 4.286630535756854, 4.286630535756854, 4.286630535756854, 4.286630535756854, 4.286630535756854],[1.5035973231051627, 2.641050834013596, 3.5883672235780057, 4.287101624774196, 4.287101624774197, 4.287101624774197, 4.287101624774197, 4.287101624774197, 4.287101624774197, 4.287101624774197, 4.287101624774197],[2.668239547529845, 4.01430991543958, 4.541114126073011, 4.541114126073014, 4.541114126073014, 4.541114126073014, 4.541114126073014, 4.541114126073014, 4.541114126073014, 4.541114126073014, 4.541114126073014],[2.705030718288216, 4.0147027273857905, 4.350437574229535, 4.478410170700812, 4.539729665464575, 4.564835411256079, 4.5763549405856025, 4.579989488638227, 4.580573259517545, 4.580742320391901, 4.580823841894326]
]

L = 7

[
[0.49999999999999994, 0.49999999999999994, 0.49999999999999994, 0.9999999999999999, 0.9999999999999999, 0.9999999999999999, 0.9999999999999999, 0.9999999999999999, 0.9999999999999999, 0.9999999999999999, 0.9999999999999999],[0.49999999999999994, 0.49999999999999994, 0.49999999999999994, 1.0, 1.0, 1.0, 1.5, 1.5, 1.5, 1.5, 1.5],[0.5, 1.0, 1.0, 1.375, 1.75, 1.75, 2.125, 2.5, 2.5, 2.5, 2.5],[0.4528195311147832, 0.8278195311147831, 0.8278195311147831, 1.0778195311147831, 1.3278195311147831, 1.3278195311147831, 1.5778195311147831, 1.8278195311147831, 1.8278195311147831, 2.077819531114783, 3.577819531114783],[0.7500000000000001, 1.1055616162641018, 1.4257213818214933, 2.0660409129362765, 2.3160409129362765, 2.5660409129362765, 2.8160409129362765, 3.2618170357682374, 3.4180670357682374, 3.5743170357682374, 3.574317035768237],[0.6403195311147831, 0.9493215938163195, 1.2555991100039643, 1.8111354264462936, 2.0611354264462936, 2.2680903092249896, 2.4658937709124134, 2.7783937709124134, 2.9346437709124134, 3.0908937709124134, 4.277562318960655],[1.2605636043008757, 2.2633568937427855, 2.80196119041496, 3.11446119041496, 3.11446119041496, 3.11446119041496, 3.11446119041496, 3.11446119041496, 3.11446119041496, 3.11446119041496, 3.11446119041496],[0.8345470080848547, 1.5624197118208918, 2.0209902672208417, 2.6865157053994877, 3.1004254709568793, 3.721290119292966, 3.9901914495323014, 4.244021332310997, 4.2440213323109965, 4.2440213323109965, 4.2440213323109965],[1.534021251828103, 2.6364295521191923, 3.599332357723248, 4.278561654395423, 4.278561654395423, 4.278561654395423, 4.278561654395423, 4.278561654395423, 4.278561654395423, 4.278561654395423, 4.278561654395423],[2.084260640241305, 3.310471378514544, 3.3104713785145434, 3.3104713785145434, 3.3104713785145434, 3.3104713785145434, 3.3104713785145434, 3.3104713785145434, 3.3104713785145434, 3.3104713785145434, 3.3104713785145434],[2.4325596260449838, 4.044393468536009, 4.629879469815174, 4.629879469815174, 4.629879469815174, 4.629879469815174, 4.629879469815174, 4.629879469815174, 4.629879469815174, 4.629879469815174, 4.629879469815174],[2.2607793790649233, 3.7014661532391737, 4.718155554737057, 4.929496214514756, 4.929496214514756, 4.929496214514756, 4.929496214514756, 4.929496214514756, 4.929496214514756, 4.929496214514756, 4.929496214514756],[4.29150803339161, 4.29150803339161, 4.29150803339161, 4.29150803339161, 4.29150803339161, 4.29150803339161, 4.29150803339161, 4.29150803339161, 4.29150803339161, 4.29150803339161, 4.29150803339161],[4.166360337516674, 4.166360337516674, 4.166360337516674, 4.166360337516674, 4.166360337516674, 4.166360337516674, 4.166360337516674, 4.166360337516674, 4.166360337516674, 4.166360337516674, 4.166360337516674],[4.0506350024850395, 4.44371773099299, 4.504980715642849, 4.513283562457892, 4.51409335571945, 4.514159561879855, 4.5141615877438275, 4.514161602486732, 4.5141616026012255, 4.514161602601875, 4.514161602601875]
]

L = 8

[
[0.49999999999999994, 0.49999999999999994, 0.49999999999999994, 0.9999999999999999, 0.9999999999999999, 0.9999999999999999, 0.9999999999999999, 0.9999999999999999, 0.9999999999999999, 0.9999999999999999, 0.9999999999999999],[0.49999999999999994, 1.0, 1.0, 1.5, 1.5, 1.5, 1.5, 1.5, 1.5, 1.5, 1.5],[0.5, 0.875, 0.875, 1.25, 1.625, 1.625, 2.0, 2.375, 2.375, 2.75, 2.75],[0.8023148814000081, 1.052314881400008, 1.302314881400008, 1.802314881400008, 2.052314881400008, 2.302314881400008, 2.552314881400008, 3.052314881400008, 3.302314881400008, 3.552314881400008, 3.6809534860365503],[0.6304072660268982, 0.8804072660268982, 1.1304072660268982, 1.5924221271545302, 1.7486721271545302, 1.9049221271545302, 2.0611721271545305, 2.3736721271545305, 2.5299221271545305, 2.6861721271545305, 4.526583480823842],[0.6962897046761661, 1.3171543530122536, 1.6944389180091264, 2.260365765504435, 2.605258048002871, 3.074008048002871, 3.386508048002871, 3.7102314215582353, 3.9914814215582357, 4.178981421558236, 4.994394237937802],[0.5346364114814595, 1.0033864114814597, 1.3158864114814595, 1.7695360396753141, 2.0359121812403154, 2.3923761862023167, 2.6009007179886434, 2.8821507179886434, 3.163400717988644, 3.350900717988644, 5.761252051349938],[1.1768673724109064, 1.8424762753843211, 2.4584800854158724, 2.9272300854158724, 3.3959800854158724, 3.8647300854158724, 4.328615579590239, 4.679998208038946, 5.008123208038946, 5.281560708038946, 5.6416732267010214],[0.7339090372137538, 1.2575681016910718, 1.7347878667357475, 2.172106629920578, 2.571975324787544, 2.949010837943613, 3.298426155911036, 3.6364959617196244, 4.0159878317409605, 4.307664618932439, 6.603441980175615],[1.1491786596401583, 1.9945315129201318, 2.730579534105322, 3.4003198735940625, 4.041508652504037, 4.550337189849639, 5.004341232254497, 5.399400166910396, 5.779012079190097, 6.049057320560948, 6.893484198352428],[1.4122887351589477, 2.387873902608867, 3.2040930087470008, 3.8584997156321195, 4.459321702559131, 4.898798854292182, 5.281563690931615, 5.612662148951399, 5.893502689703833, 6.092279510283998, 6.572812902332653],[2.2278997636489932, 3.5472755683480957, 4.566333877286395, 5.307345685981475, 5.9146332905787595, 6.354291614803411, 6.654302114073769, 6.79540945055051, 6.79540945055051, 6.79540945055051, 6.79540945055051],[2.2101426816769147, 3.7178560261735636, 4.8146444023311386, 5.53763202977928, 6.095923967571451, 6.49660993848287, 6.672365411046156, 6.672365411046157, 6.672365411046155, 6.672365411046156, 6.672365411046155],[3.5002487665221294, 5.503900386604189, 6.489868654406306, 6.750340431651784, 6.750340431651783, 6.750340431651783, 6.750340431651782, 6.750340431651784, 6.750340431651783, 6.750340431651783, 6.750340431651782],[3.213482180989925, 5.196049359404979, 6.45915041280633, 6.971685656794913, 6.997005693003008, 6.997005693003008, 6.9970056930030085, 6.9970056930030085, 6.997005693003008, 6.997005693003008, 6.997005693003007],[5.174216043343507, 7.042454135012151, 7.0794070624798024, 7.079407062479804, 7.079407062479803, 7.0794070624798024, 7.079407062479803, 7.079407062479804, 7.079407062479803, 7.079407062479803, 7.079407062479803],[4.759762875620117, 6.595982403110837, 7.243108520404222, 7.450688903916734, 7.5259360085964095, 7.551390351287542, 7.558999957591292, 7.560622511640267, 7.560939478683776, 7.560986858576596, 7.560993419451614]
]

L = 9

[
[-6.406853007629837e-16, -6.406853007629837e-16, -6.406853007629837e-16, -6.406853007629837e-16, -6.406853007629837e-16, -6.406853007629837e-16, -6.406853007629837e-16, -6.406853007629837e-16, -6.406853007629837e-16, -6.406853007629837e-16, -6.406853007629837e-16],[0.5, 1.0, 1.0, 1.5, 2.0, 2.0, 2.0, 2.0, 2.0, 2.0, 2.0],[0.875, 1.25, 1.625, 2.375, 2.75, 2.75, 2.75, 2.75, 2.75, 2.75, 2.75],[0.625, 0.875, 1.125, 1.625, 1.875, 2.125, 2.375, 2.875, 3.125, 3.375, 3.875],[0.9258782688753365, 1.6758782688753366, 2.0441431300029684, 2.5128931300029684, 2.8253931300029684, 3.2941431300029684, 3.6066431300029684, 4.075393130002968, 4.384154610342642, 4.429560223842116, 4.429560223842117],[0.9046657391756612, 1.6546657391756612, 2.1546657391756607, 2.7336941152749095, 3.0461941152749095, 3.5149441152749095, 3.794259739458799, 4.082299478166478, 4.363549478166478, 4.363549478166478, 4.363549478166478],[1.2688670676273888, 2.0804801250329157, 2.861730125032916, 3.5175674667735706, 3.9863174667735706, 4.455067466773571, 4.813921905627647, 5.070294861849722, 5.1975314983174075, 5.1975314983174075, 5.1975314983174075],[1.3977388573706462, 2.2936134801293426, 3.0732562090077593, 3.710049989304692, 4.216965903361303, 4.648568344750651, 4.856009520721649, 4.927852560703726, 4.927852560703726, 4.927852560703726, 4.927852560703726],[2.5089201841073754, 4.067675921414355, 4.617423333498376, 4.617423333498376, 4.617423333498376, 4.617423333498376, 4.617423333498376, 4.617423333498376, 4.617423333498376, 4.617423333498376, 4.617423333498376],[2.1120618858501325, 3.4382097345576805, 4.48535482888788, 5.134443169463197, 5.134443169463197, 5.134443169463197, 5.134443169463197, 5.134443169463197, 5.134443169463197, 5.134443169463197, 5.134443169463197],[3.4609453505868983, 5.106070964939925, 5.184279601638744, 5.184279601638744, 5.184279601638744, 5.184279601638744, 5.184279601638744, 5.184279601638744, 5.184279601638744, 5.184279601638744, 5.184279601638744],[4.136364826439401, 4.577834850187647, 4.577834850187647, 4.577834850187647, 4.577834850187647, 4.577834850187647, 4.577834850187647, 4.577834850187647, 4.577834850187647, 4.577834850187647, 4.577834850187647],[4.89714223489124, 4.89714223489124, 4.89714223489124, 4.89714223489124, 4.89714223489124, 4.89714223489124, 4.89714223489124, 4.89714223489124, 4.89714223489124, 4.89714223489124, 4.89714223489124],[5.033426334824035, 5.169771097682732, 5.169771097682732, 5.169771097682732, 5.169771097682732, 5.169771097682732, 5.169771097682732, 5.169771097682732, 5.169771097682732, 5.169771097682732, 5.169771097682732],[5.437675975786462, 5.437675975786462, 5.437675975786462, 5.437675975786462, 5.437675975786462, 5.437675975786462, 5.437675975786462, 5.437675975786462, 5.437675975786462, 5.437675975786462, 5.437675975786462],[5.2721212651358655, 5.2721212651358655, 5.2721212651358655, 5.2721212651358655, 5.2721212651358655, 5.2721212651358655, 5.2721212651358655, 5.2721212651358655, 5.2721212651358655, 5.2721212651358655, 5.2721212651358655],[5.538065603219028, 5.538065603219028, 5.538065603219028, 5.538065603219028, 5.538065603219028, 5.538065603219028, 5.538065603219028, 5.538065603219028, 5.538065603219028, 5.538065603219028, 5.538065603219028],[5.776809296399612, 5.776809296399612, 5.776809296399612, 5.776809296399612, 5.776809296399612, 5.776809296399612, 5.776809296399612, 5.776809296399612, 5.776809296399612, 5.776809296399612, 5.776809296399612],[6.360481963748528, 6.4034333093359335, 6.405102428209878, 6.405120783849703, 6.40512083100586, 6.405120831324258, 6.4051208313244565, 6.405120831324455, 6.405120831324456, 6.405120831324456, 6.405120831324456]
]
