
L = 4

[0.49999999999999994, 0.49999999999999994, 0.49999999999999994, 0.49999999999999994, 0.49999999999999994, 0.49999999999999994, 0.49999999999999994, 0.49999999999999994, 0.49999999999999994, 0.49999999999999994, 0.9999999999999999]
[0.49999999999999994, 0.49999999999999994, 0.49999999999999994, 0.49999999999999994, 0.49999999999999994, 0.49999999999999994, 1.0, 1.0, 1.0, 1.0, 1.5]
[0.49999999999999994, 0.49999999999999994, 0.49999999999999994, 0.49999999999999994, 0.49999999999999994, 0.49999999999999994, 1.0, 1.0, 1.0, 1.0, 1.5]
[0.49999999999999994, 0.49999999999999994, 0.49999999999999994, 1.0, 1.0, 1.0, 1.5, 1.5, 1.5, 1.5, 1.5]
[0.5, 0.5, 0.5, 1.0, 1.0, 1.0, 1.5, 1.5, 1.5, 2.0, 2.0]
[0.49999999999999994, 1.0, 1.0, 1.5, 1.5, 1.5, 1.5, 1.5, 1.5, 1.5, 1.5]
[0.5, 1.0, 1.0, 1.5, 2.0, 2.0, 2.0, 2.0, 2.0, 2.0, 2.0]
[9.61027951144475e-16, 9.61027951144475e-16, 9.61027951144475e-16, 9.61027951144475e-16, 9.61027951144475e-16, 9.61027951144475e-16, 9.61027951144475e-16, 9.61027951144475e-16, 9.61027951144475e-16, 9.61027951144475e-16, 9.61027951144475e-16]
[2.0, 2.0, 2.0, 2.0, 2.0, 2.0, 2.0, 2.0, 2.0, 2.0]

L = 5

[0.49999999999999994, 0.49999999999999994, 0.49999999999999994, 0.49999999999999994, 0.49999999999999994, 0.49999999999999994, 0.9999999999999999, 0.9999999999999999, 0.9999999999999999, 0.9999999999999999, 0.9999999999999999]
[0.49999999999999994, 0.49999999999999994, 0.49999999999999994, 0.49999999999999994, 0.49999999999999994, 0.49999999999999994, 1.0, 1.0, 1.0, 1.0, 1.0]
[0.49999999999999994, 0.49999999999999994, 0.49999999999999994, 1.0, 1.0, 1.0, 1.0, 1.0, 1.0, 1.0, 1.0]
[0.49999999999999994, 0.49999999999999994, 0.49999999999999994, 1.0, 1.0, 1.0, 1.0, 1.0, 1.0, 1.0, 1.0]
[0.49999999999999994, 0.9999999999999999, 0.9999999999999999, 0.9999999999999999, 0.9999999999999999, 0.9999999999999999, 0.9999999999999999, 0.9999999999999999, 0.9999999999999999, 0.9999999999999999, 0.9999999999999999]
[0.49999999999999994, 1.0, 1.0, 1.0, 1.0, 1.0, 1.0, 1.0, 1.0, 1.0, 1.0]
[0.9999999999999998, 0.9999999999999998, 0.9999999999999998, 0.9999999999999998, 0.9999999999999998, 0.9999999999999998, 0.9999999999999998, 0.9999999999999998, 0.9999999999999998, 0.9999999999999998, 0.9999999999999998]
[1.0, 1.0, 1.0, 1.0, 1.0, 1.0, 1.0, 1.0, 1.0, 1.0, 1.0]
[0.9999999999999998, 0.9999999999999998, 0.9999999999999998, 0.9999999999999998, 0.9999999999999998, 0.9999999999999998, 0.9999999999999998, 0.9999999999999998, 0.9999999999999998, 0.9999999999999998, 0.9999999999999998]
[0.9999999999999996, 0.9999999999999996, 0.9999999999999996, 0.9999999999999996, 0.9999999999999996, 0.9999999999999996, 0.9999999999999996, 0.9999999999999996, 0.9999999999999996, 0.9999999999999996, 0.9999999999999996]
[0.9999999999999998, 0.9999999999999998, 0.9999999999999998, 0.9999999999999998, 0.9999999999999998, 0.9999999999999998, 0.9999999999999998, 0.9999999999999998, 0.9999999999999998, 0.9999999999999998]

L = 6

[0.49999999999999994, 0.49999999999999994, 0.49999999999999994, 0.49999999999999994, 0.49999999999999994, 0.49999999999999994, 0.9999999999999999, 0.9999999999999999, 0.9999999999999999, 0.9999999999999999, 0.9999999999999999]
[0.5, 0.5, 0.5, 1.0, 1.0, 1.0, 1.5, 1.5, 1.5, 2.0, 2.0]
[0.5, 0.5, 0.5, 1.0, 1.0, 1.0, 1.375, 1.375, 1.375, 1.75, 2.5]
[0.4273148814000081, 0.8023148814000081, 0.8023148814000081, 1.177314881400008, 1.427314881400008, 1.427314881400008, 1.677314881400008, 1.927314881400008, 1.927314881400008, 2.177314881400008, 3.5559534860365503]
[0.4528195311147833, 0.9056390622295665, 0.9056390622295665, 1.2806390622295667, 1.6556390622295667, 1.6556390622295667, 1.9757988277869583, 2.29595859334435, 2.29595859334435, 2.54595859334435, 3.10845859334435]
[0.6757213818214933, 0.9958811473788849, 1.2737068327400198, 1.8015325181011548, 2.051532518101155, 2.301532518101155, 2.551532518101155, 2.9816212301393836, 3.1378712301393836, 3.2941212301393836, 4.044022086732848]
[0.6693553209573411, 0.969859292061681, 1.219859292061681, 1.719859292061681, 1.969859292061681, 2.219859292061681, 2.426814174840377, 2.840723940397769, 2.996973940397769, 3.153223940397769, 4.2547976314784455]
[0.9179679027383806, 1.709883607507085, 2.1566691194493437, 2.7775337677854317, 3.1914435333428233, 3.700767176135365, 3.954597058914061, 4.18803634858135, 4.18803634858135, 4.18803634858135, 4.18803634858135]
[0.8251422989397352, 1.5446341864304256, 2.0137500932939636, 2.6569451365513297, 3.0708549021087213, 3.618636187689445, 3.958250836025532, 4.270044549043563, 4.270044549043564, 4.270044549043564, 4.270044549043564]
[1.858551696952126, 2.9769612446067195, 3.71398305484657, 4.041521677998626, 4.041521677998626, 4.041521677998626, 4.041521677998626, 4.041521677998626, 4.041521677998626, 4.041521677998626, 4.041521677998626]
[1.618310212589294, 2.6250423622964596, 3.369348518358072, 3.9629157336599583, 4.401609836263137, 4.547960931532745, 4.547960931532744, 4.547960931532744, 4.547960931532744, 4.547960931532744, 4.547960931532744]
[2.321911595228475, 2.321911595228475, 2.321911595228475, 2.321911595228475, 2.321911595228475, 2.321911595228475, 2.321911595228475, 2.321911595228475, 2.321911595228475, 2.321911595228475, 2.321911595228475]
[3.705353169648642, 3.705353169648642, 3.705353169648642, 3.705353169648642, 3.705353169648642, 3.705353169648642, 3.705353169648642, 3.705353169648642, 3.705353169648642, 3.705353169648642]

L = 7

[0.49999999999999994, 0.49999999999999994, 0.49999999999999994, 0.9999999999999999, 0.9999999999999999, 0.9999999999999999, 0.9999999999999999, 0.9999999999999999, 0.9999999999999999, 0.9999999999999999, 0.9999999999999999]
[0.49999999999999994, 0.49999999999999994, 0.49999999999999994, 1.0, 1.0, 1.0, 1.5, 1.5, 1.5, 1.5, 1.5]
[0.5, 0.875, 0.875, 1.25, 1.625, 1.625, 2.0, 2.375, 2.375, 2.75, 2.75]
[0.5, 0.9755245584602701, 0.9755245584602701, 1.35052455846027, 1.72552455846027, 1.72552455846027, 1.97552455846027, 2.22552455846027, 2.22552455846027, 2.47552455846027, 2.900219009173214]
[0.75, 1.1055616162641015, 1.425721381821493, 1.925721381821493, 2.1757213818214933, 2.4257213818214933, 2.6757213818214933, 3.1757213818214933, 3.3714975046534543, 3.5277475046534543, 3.6839975046534543]
[0.7431303279816854, 1.063290093539077, 1.3834498590964686, 1.9536096246538601, 2.2036096246538603, 2.4536096246538603, 2.7036096246538603, 3.1175193902112524, 3.2737693902112524, 3.4300193902112524, 3.842276567623921]
[1.0269400322209052, 1.8027593047457895, 2.2166690703031815, 2.8375337186392695, 3.2333949066396204, 3.661087333211265, 3.914917215989961, 4.103326081379313, 4.103326081379313, 4.103326081379313, 4.103326081379313]
[0.84733976230788, 1.56683164979857, 2.0136171617408296, 2.6344818100769176, 3.0483915756343096, 3.594961106749092, 3.9345757550851794, 4.260633079253223, 4.260633079253223, 4.260633079253223, 4.260633079253223]
[2.2503891266174927, 3.230194647895089, 3.2301946478950887, 3.2301946478950887, 3.2301946478950887, 3.2301946478950887, 3.2301946478950887, 3.2301946478950887, 3.2301946478950887, 3.2301946478950887, 3.2301946478950887]
[1.542937905394502, 2.391953875911724, 3.0027013057861076, 3.5777078200519576, 4.090116755472066, 4.582549950284649, 4.871129778748599, 4.871129778748598, 4.871129778748598, 4.871129778748598, 4.871129778748598]
[2.8867287389081966, 4.145724033453752, 4.145724033453752, 4.145724033453752, 4.145724033453752, 4.145724033453752, 4.145724033453752, 4.145724033453752, 4.145724033453752, 4.145724033453752, 4.145724033453752]
[2.545467736953581, 3.954890628921182, 4.581233551217286, 4.581233551217285, 4.581233551217285, 4.581233551217285, 4.581233551217285, 4.581233551217285, 4.581233551217285, 4.581233551217285, 4.581233551217285]
[4.020171846535886, 4.729608122670388, 4.729608122670388, 4.729608122670388, 4.729608122670388, 4.729608122670388, 4.729608122670388, 4.729608122670388, 4.729608122670388, 4.729608122670388, 4.729608122670388]
[4.291974505514731, 4.29197450551473, 4.29197450551473, 4.29197450551473, 4.29197450551473, 4.29197450551473, 4.29197450551473, 4.29197450551473, 4.29197450551473, 4.29197450551473, 4.29197450551473]
[3.6104382992668245, 3.6104382992668245, 3.6104382992668245, 3.6104382992668245, 3.6104382992668245, 3.6104382992668245, 3.6104382992668245, 3.6104382992668245, 3.6104382992668245, 3.6104382992668245]

L = 8

[-6.406853007629837e-16, -6.406853007629837e-16, -6.406853007629837e-16, -6.406853007629837e-16, -6.406853007629837e-16, -6.406853007629837e-16, -6.406853007629837e-16, -6.406853007629837e-16, -6.406853007629837e-16, -6.406853007629837e-16, -6.406853007629837e-16]
[0.5, 1.0, 1.0, 1.5, 2.0, 2.0, 2.0, 2.0, 2.0, 2.0, 2.0]
[0.5, 0.875, 0.875, 1.25, 1.625, 1.625, 2.0, 2.375, 2.375, 2.75, 2.75]
[0.75, 1.0, 1.25, 1.75, 2.0, 2.25, 2.5, 3.0, 3.25, 3.5, 3.75]
[0.6403195311147831, 0.9357905339632213, 1.1857905339632213, 1.6857905339632213, 1.8420405339632213, 1.9982905339632213, 2.1545405339632215, 2.4670405339632215, 2.6232905339632215, 2.7795405339632215, 4.418296274133058]
[0.75, 1.3124999999999998, 1.625, 2.09375, 2.40625, 2.875, 3.1875, 3.65625, 4.0625, 4.25, 4.90625]
[0.6397929093768896, 1.176698805666578, 1.4891988056665781, 1.9243712060178846, 2.1782010887965804, 2.5589459129646244, 2.8127757957433204, 3.1935206199113644, 3.49579515169769, 3.68329515169769, 5.475566766589629]
[1.0032068089046593, 1.6736382832960535, 2.2453507762320637, 2.7600025704925484, 3.228752570492549, 3.677925351999638, 4.060270003947284, 4.361198315407682, 4.689323315407682, 4.962760815407682, 6.043956526989627]
[1.361920104456577, 2.134976821829753, 2.8134606135273996, 3.3697679784974732, 3.8502974357249746, 4.23857348079803, 4.58011761582028, 4.852259966715967, 5.109974146556893, 5.266224146556893, 5.318958521556893]
[1.2237203603693705, 2.083534294338017, 2.8755150091001793, 3.554634494423324, 4.17918965966438, 4.690569431899649, 5.12775419820103, 5.511872172570117, 5.869761770561273, 6.128204752197061, 6.761482427615834]
[1.0843566506035647, 1.9709749929174765, 2.7085414573524784, 3.354016802132414, 3.9556462023294943, 4.436084218316152, 4.874992403003942, 5.285529974165485, 5.6355682085162275, 5.886041245839518, 6.95831881236801]
[2.4458967452272486, 4.090030420276967, 5.441770030639226, 6.136948745970446, 6.162554357425826, 6.162554357425826, 6.162554357425827, 6.162554357425826, 6.162554357425826, 6.162554357425826, 6.162554357425826]
[2.199957025047899, 3.7836902882679824, 5.157034040616273, 6.223521759765352, 6.2990169738799215, 6.2990169738799215, 6.299016973879921, 6.2990169738799215, 6.2990169738799215, 6.2990169738799215, 6.2990169738799215]
[3.452306891311798, 5.479195245570401, 6.484846214453124, 6.826106300836194, 6.826106300836194, 6.826106300836194, 6.826106300836194, 6.826106300836194, 6.826106300836194, 6.826106300836194, 6.826106300836194]
[3.178849673762085, 5.251688131439433, 6.421236420221886, 6.963620636803585, 6.991418516760232, 6.991418516760232, 6.991418516760232, 6.991418516760232, 6.991418516760231, 6.991418516760232, 6.991418516760231]
[6.199305325490963, 6.275036768570512, 6.275036768570511, 6.275036768570512, 6.275036768570511, 6.275036768570511, 6.27503676857051, 6.275036768570512, 6.275036768570511, 6.275036768570511, 6.275036768570511]
[6.674761502785673, 6.67527990167347, 6.675279901756204, 6.675279901756204, 6.675279901756203, 6.675279901756204, 6.675279901756203, 6.675279901756204, 6.675279901756203, 6.675279901756203]

L = 9

[0.49999999999999994, 0.9999999999999999, 0.9999999999999999, 0.9999999999999999, 0.9999999999999999, 0.9999999999999999, 0.9999999999999999, 0.9999999999999999, 0.9999999999999999, 0.9999999999999999, 0.9999999999999999]
[0.5, 1.0, 1.0, 1.5, 2.0, 2.0, 2.0, 2.0, 2.0, 2.0, 2.0]
[1.0, 1.375, 1.75, 2.5, 2.5, 2.5, 2.5, 2.5, 2.5, 2.5, 2.5]
[0.9056390622295664, 1.2806390622295662, 1.6556390622295662, 2.4056390622295662, 2.6556390622295662, 2.9056390622295662, 2.9056390622295662, 2.9056390622295662, 2.9056390622295662, 2.9056390622295662, 2.9056390622295662]
[0.9604792966721747, 1.8261100650780047, 2.3261100650780047, 3.0761100650780047, 3.3886100650780047, 3.8573600650780047, 3.9336158052478414, 3.9336158052478414, 3.9336158052478414, 3.9336158052478414, 3.9336158052478414]
[0.882536563774998, 1.6025142170743825, 1.9325667664684327, 2.4013167664684327, 2.7138167664684327, 3.136834566146497, 3.324334566146497, 3.605584566146497, 3.8868345661464976, 4.074334566146497, 4.761430164111549]
[1.6159053725499033, 2.4731327659195115, 3.2392056232920865, 3.8737803302388265, 4.407589600919987, 4.584507443567284, 4.584507443567284, 4.584507443567284, 4.584507443567284, 4.584507443567284, 4.584507443567284]
[1.2914044501242075, 2.155909854034129, 2.893561184273464, 3.528135891220204, 4.098650200196476, 4.567400200196476, 4.9413663622804975, 5.088899251613338, 5.088899251613338, 5.088899251613338, 5.088899251613338]
[1.835032701385018, 3.0901659646005646, 4.1096224814435045, 4.914501210076155, 5.38020661330337, 5.589606185013572, 5.589606185013572, 5.589606185013572, 5.589606185013572, 5.589606185013572, 5.589606185013572]
[1.8681403398752559, 3.1995191804292253, 4.249905491953954, 5.028953068391436, 5.431307843024743, 5.451672676211325, 5.451672676211325, 5.451672676211325, 5.451672676211325, 5.451672676211325, 5.451672676211325]
[3.772854463556946, 4.855709933282557, 4.855709933282557, 4.855709933282557, 4.855709933282557, 4.855709933282557, 4.855709933282557, 4.855709933282557, 4.855709933282557, 4.855709933282557, 4.855709933282557]
[2.5875820996984853, 4.009064562759315, 5.385562664160156, 6.04662909640021, 6.04662909640021, 6.04662909640021, 6.046629096400209, 6.04662909640021, 6.04662909640021, 6.04662909640021, 6.04662909640021]
[5.000304767039934, 5.035382220021722, 5.035382220021722, 5.035382220021722, 5.035382220021722, 5.035382220021722, 5.035382220021722, 5.035382220021722, 5.035382220021722, 5.035382220021722, 5.035382220021722]
[5.203545685416424, 5.203545685416424, 5.203545685416424, 5.203545685416424, 5.203545685416424, 5.203545685416424, 5.203545685416424, 5.203545685416424, 5.203545685416424, 5.203545685416424, 5.203545685416424]
[4.676118145969946, 4.676118145969946, 4.676118145969946, 4.676118145969946, 4.676118145969946, 4.676118145969946, 4.676118145969946, 4.676118145969946, 4.676118145969946, 4.676118145969946, 4.676118145969946]
[5.651155028321145, 5.651155028321145, 5.651155028321145, 5.651155028321145, 5.651155028321145, 5.651155028321145, 5.651155028321145, 5.651155028321145, 5.651155028321145, 5.651155028321145, 5.651155028321145]
[4.28064768083641, 4.28064768083641, 4.28064768083641, 4.28064768083641, 4.28064768083641, 4.28064768083641, 4.28064768083641, 4.28064768083641, 4.28064768083641, 4.28064768083641, 4.28064768083641]
[5.194734395283724, 5.194734395283724, 5.194734395283724, 5.194734395283724, 5.194734395283724, 5.194734395283724, 5.194734395283724, 5.194734395283724, 5.194734395283724, 5.194734395283724, 5.194734395283724]
[5.771722840607951, 5.771722840607951, 5.771722840607951, 5.771722840607951, 5.771722840607951, 5.771722840607951, 5.771722840607951, 5.771722840607951, 5.77172284060795, 5.771722840607951]
