
L = 4

[0.49999999999999994, 0.49999999999999994, 0.49999999999999994, 0.49999999999999994, 0.49999999999999994, 0.49999999999999994, 0.49999999999999994, 0.49999999999999994, 0.49999999999999994, 0.49999999999999994, 0.9999999999999999]
[0.5, 0.5, 0.5, 0.5, 0.5, 0.5, 1.0, 1.0, 1.0, 1.0, 2.0]
[0.5, 0.5, 0.5, 0.5, 0.5, 0.5, 1.0, 1.0, 1.0, 1.0, 2.0]
[0.5, 0.5, 0.5, 1.0, 1.0, 1.0, 1.5, 1.5, 1.5, 1.5, 1.5]
[0.49999999999999994, 0.49999999999999994, 0.49999999999999994, 1.0, 1.0, 1.0, 1.5, 1.5, 1.5, 1.5, 1.5]
[0.49999999999999994, 1.0, 1.0, 1.5, 1.5, 1.5, 1.5, 1.5, 1.5, 1.5, 1.5]
[0.4999999999999999, 0.9999999999999999, 0.9999999999999999, 1.5, 1.5, 1.5, 1.5, 1.5, 1.5, 1.5, 1.5]
[1.0, 1.5, 1.5, 1.5, 1.5, 1.5, 1.5, 1.5, 1.5, 1.5, 1.5]
[2.0, 2.0, 2.0, 2.0, 2.0, 2.0, 2.0, 2.0, 2.0, 2.0]

L = 5

[0.49999999999999994, 0.49999999999999994, 0.49999999999999994, 0.49999999999999994, 0.49999999999999994, 0.49999999999999994, 0.9999999999999999, 0.9999999999999999, 0.9999999999999999, 0.9999999999999999, 0.9999999999999999]
[-0.0, -0.0, -0.0, -0.0, -0.0, -0.0, -0.0, -0.0, -0.0, -0.0, -0.0]
[0.49999999999999994, 0.49999999999999994, 0.49999999999999994, 0.9999999999999999, 0.9999999999999999, 0.9999999999999999, 0.9999999999999999, 0.9999999999999999, 0.9999999999999999, 0.9999999999999999, 0.9999999999999999]
[0.49999999999999994, 0.49999999999999994, 0.49999999999999994, 0.9999999999999999, 0.9999999999999999, 0.9999999999999999, 0.9999999999999999, 0.9999999999999999, 0.9999999999999999, 0.9999999999999999, 0.9999999999999999]
[0.4999999999999999, 0.9999999999999998, 0.9999999999999998, 0.9999999999999998, 0.9999999999999998, 0.9999999999999998, 0.9999999999999998, 0.9999999999999998, 0.9999999999999998, 0.9999999999999998, 0.9999999999999998]
[3.203426503814918e-16, 3.203426503814918e-16, 3.203426503814918e-16, 3.203426503814918e-16, 3.203426503814918e-16, 3.203426503814918e-16, 3.203426503814918e-16, 3.203426503814918e-16, 3.203426503814918e-16, 3.203426503814918e-16, 3.203426503814918e-16]
[-0.0, -0.0, -0.0, -0.0, -0.0, -0.0, -0.0, -0.0, -0.0, -0.0, -0.0]
[0.9999999999999999, 0.9999999999999999, 0.9999999999999999, 0.9999999999999999, 0.9999999999999999, 0.9999999999999999, 0.9999999999999999, 0.9999999999999999, 0.9999999999999999, 0.9999999999999999, 0.9999999999999999]
[1.0, 1.0, 1.0, 1.0, 1.0, 1.0, 1.0, 1.0, 1.0, 1.0, 1.0]
[0.9999999999999996, 0.9999999999999996, 0.9999999999999996, 0.9999999999999996, 0.9999999999999996, 0.9999999999999996, 0.9999999999999996, 0.9999999999999996, 0.9999999999999996, 0.9999999999999996, 0.9999999999999996]
[1.0, 1.0, 1.0, 1.0, 1.0, 1.0, 1.0, 1.0, 1.0, 1.0]

L = 6

[-6.406853007629837e-16, -6.406853007629837e-16, -6.406853007629837e-16, -6.406853007629837e-16, -6.406853007629837e-16, -6.406853007629837e-16, -6.406853007629837e-16, -6.406853007629837e-16, -6.406853007629837e-16, -6.406853007629837e-16, -6.406853007629837e-16]
[0.5, 0.5, 0.5, 1.0, 1.0, 1.0, 1.5, 1.5, 1.5, 2.0, 2.0]
[0.5, 0.5, 0.5, 1.0, 1.0, 1.0, 1.375, 1.375, 1.375, 1.75, 2.5]
[0.375, 0.75, 0.75, 1.125, 1.375, 1.375, 1.625, 1.875, 1.875, 2.125, 3.625]
[0.4273148814000081, 0.8279439454105104, 0.8279439454105104, 1.2029439454105106, 1.5779439454105106, 1.5779439454105106, 1.8279439454105106, 2.0779439454105106, 2.0779439454105106, 2.3279439454105106, 3.510138169898983]
[0.6650192258141923, 0.9851789913715838, 1.3053387569289754, 1.8881591273643386, 2.1381591273643386, 2.3881591273643386, 2.5444091273643386, 2.8569091273643386, 3.0131591273643386, 3.1694091273643386, 4.0661337213285424]
[0.6403195311147835, 0.9421849568830928, 1.2114871052191805, 1.730789253555268, 1.977859277872482, 2.1848141606511775, 2.3917690434298735, 2.8056788089872655, 3.0126336917659615, 3.219588574544657, 4.1605030251211765]
[0.8066515159230123, 1.5363127742501392, 2.0159740325772657, 2.6697144272982207, 3.0836241928556127, 3.630193723970396, 3.969808372306483, 4.266530637863875, 4.266530637863875, 4.266530637863875, 4.266530637863875]
[0.9450081094686337, 1.6865799736771452, 2.1008907850469893, 2.6858196292383654, 3.0593817119373603, 3.579611721751527, 3.919226370087614, 4.215948635645006, 4.215948635645006, 4.215948635645006, 4.215948635645006]
[1.486735753710299, 2.6399339815540435, 3.6074012390846786, 4.286630535756854, 4.286630535756853, 4.286630535756853, 4.286630535756853, 4.286630535756853, 4.286630535756853, 4.286630535756853, 4.286630535756853]
[1.3573815985118713, 2.295533820638657, 3.0935791932299503, 3.739648394921396, 4.302298117410958, 4.702525138092627, 4.899659692604119, 4.899659692604119, 4.899659692604119, 4.899659692604119, 4.899659692604119]
[2.2750087880138623, 3.4663096677763923, 4.552730917576317, 4.962658065912403, 4.962658065912403, 4.962658065912403, 4.962658065912403, 4.962658065912403, 4.962658065912403, 4.962658065912403, 4.962658065912403]
[4.55229852990721, 4.5608296966867075, 4.560829696726861, 4.56082969672686, 4.56082969672686, 4.560829696726861, 4.56082969672686, 4.56082969672686, 4.56082969672686, 4.56082969672686]

L = 7

[0.49999999999999994, 0.49999999999999994, 0.49999999999999994, 0.9999999999999999, 0.9999999999999999, 0.9999999999999999, 0.9999999999999999, 0.9999999999999999, 0.9999999999999999, 0.9999999999999999, 0.9999999999999999]
[0.49999999999999994, 0.49999999999999994, 0.49999999999999994, 1.0, 1.0, 1.0, 1.5, 1.5, 1.5, 1.5, 1.5]
[0.5, 1.0, 1.0, 1.375, 1.75, 1.75, 2.125, 2.5, 2.5, 2.5, 2.5]
[0.4528195311147832, 0.8278195311147831, 0.8278195311147831, 1.2028195311147831, 1.5778195311147831, 1.5778195311147831, 1.9528195311147831, 2.327819531114783, 2.327819531114783, 2.702819531114783, 2.952819531114783]
[0.9056390622295665, 1.2806390622295665, 1.6556390622295665, 2.2959585933443494, 2.5459585933443494, 2.7959585933443494, 2.9522085933443494, 3.1084585933443494, 3.1084585933443494, 3.1084585933443494, 3.10845859334435]
[0.7959585933443497, 1.1939378900165245, 1.5332416756040061, 2.1152476852555777, 2.3652476852555777, 2.5722025680342737, 2.7791574508129697, 3.193067216370361, 3.3107706261544685, 3.4045206261544685, 3.5693036820144215]
[0.8170597975538274, 1.4379244458899147, 1.8518342114473065, 2.3681580226485064, 2.6806580226485064, 3.1494080226485064, 3.4619080226485064, 3.8426528468165504, 4.12390284681655, 4.31140284681655, 4.821560365485759]
[0.7744696365852441, 1.414257116987184, 1.8281668825445756, 2.4490315308806627, 2.8046261212874772, 3.314048093791609, 3.610249580605866, 3.99099440477391, 4.338574287552605, 4.484783564107231, 4.672433176285043]
[1.5766115193825874, 2.4133882766402426, 3.0923694896582736, 3.7025110422996876, 4.188724616467731, 4.577182682055521, 4.817221718771065, 4.817221718771066, 4.817221718771066, 4.817221718771066, 4.817221718771066]
[1.5327241794969095, 2.6459029909130636, 3.6212567113295124, 4.274990383877225, 4.274990383877225, 4.274990383877225, 4.274990383877225, 4.274990383877225, 4.274990383877225, 4.274990383877225, 4.274990383877225]
[2.432559626044984, 4.044393468536008, 4.629879469815174, 4.629879469815174, 4.629879469815174, 4.629879469815174, 4.629879469815174, 4.629879469815174, 4.629879469815174, 4.629879469815174, 4.629879469815174]
[2.628090100101065, 4.284076646640059, 4.284076646640059, 4.284076646640059, 4.284076646640059, 4.284076646640059, 4.284076646640059, 4.284076646640059, 4.284076646640059, 4.284076646640059, 4.284076646640059]
[3.4476274222748353, 4.963799572823335, 4.963799572823335, 4.963799572823335, 4.963799572823335, 4.963799572823335, 4.963799572823335, 4.963799572823335, 4.963799572823335, 4.963799572823335, 4.963799572823335]
[3.963166123575399, 4.56312002390354, 4.56312002390354, 4.56312002390354, 4.56312002390354, 4.56312002390354, 4.56312002390354, 4.56312002390354, 4.56312002390354, 4.56312002390354, 4.56312002390354]
[4.70651955708245, 4.706520135316424, 4.706520135316423, 4.706520135316424, 4.706520135316423, 4.706520135316423, 4.706520135316423, 4.706520135316424, 4.706520135316423, 4.706520135316423]

L = 8

[0.49999999999999994, 0.49999999999999994, 0.49999999999999994, 0.9999999999999999, 0.9999999999999999, 0.9999999999999999, 0.9999999999999999, 0.9999999999999999, 0.9999999999999999, 0.9999999999999999, 0.9999999999999999]
[0.49999999999999994, 1.0, 1.0, 1.5, 1.5, 1.5, 1.5, 1.5, 1.5, 1.5, 1.5]
[0.375, 0.75, 0.75, 1.125, 1.5, 1.5, 1.875, 2.25, 2.25, 2.625, 3.0]
[0.625, 0.875, 1.125, 1.625, 1.875, 2.125, 2.375, 2.875, 3.125, 3.375, 3.875]
[0.6403195311147832, 0.8903195311147832, 1.1403195311147831, 1.6403195311147831, 1.8903195311147831, 2.140319531114783, 2.296569531114783, 2.609069531114783, 2.765319531114783, 2.921569531114783, 4.327819531114783]
[0.6639097655573915, 1.197444330554264, 1.509944330554264, 1.978694330554264, 2.291194330554264, 2.759944330554264, 3.072444330554264, 3.478694330554264, 3.759944330554264, 3.947444330554264, 5.160636508575667]
[0.6792739382157059, 1.2168619720990423, 1.550650285463075, 2.0194002854630755, 2.3025652268524235, 2.6833100510204675, 2.9371399337991635, 3.312734973527719, 3.6438020801412168, 3.8313020801412168, 5.3321383741692046]
[1.1755667560039056, 2.037011378409931, 2.791851247915309, 3.37696278157052, 3.863715345538262, 4.332465345538262, 4.685959670936432, 4.966689109790508, 5.202853338378002, 5.332818547174697, 5.367351318757768]
[1.1446478661738893, 1.866861910460734, 2.4894671356160947, 3.0026093069388766, 3.470622506513842, 3.8936248275883267, 4.267591841213235, 4.612270618510722, 4.962014107704743, 5.216286929393307, 5.686322719013614]
[1.7260723158145115, 2.882563702978734, 3.740970749221665, 4.492732956168405, 5.225562159189169, 5.659565186646551, 5.816575694624751, 5.816575694624751, 5.816575694624751, 5.816575694624751, 5.816575694624751]
[1.426167109829667, 2.4632377687907034, 3.3318052486201557, 4.1015131871270025, 4.928451614768416, 5.4208600001362965, 5.8553348536096665, 6.137369836310624, 6.137369836310624, 6.137369836310624, 6.137369836310624]
[1.9480374212611693, 3.394498738744081, 4.491169252650412, 5.326868011080342, 5.975943235425476, 6.418742572037875, 6.707185686894129, 6.909944689381567, 6.932193029650965, 6.932193029650965, 6.932193029650966]
[1.842465577710508, 3.239070856495907, 4.415271872110675, 5.257326784205956, 5.919532829988681, 6.397011436074368, 6.737078584274942, 6.961648270174387, 6.995012932094827, 6.995012932094827, 6.995012932094826]
[4.149086608282103, 6.155270794490989, 6.155270794490989, 6.155270794490989, 6.155270794490989, 6.155270794490989, 6.155270794490989, 6.155270794490989, 6.155270794490989, 6.155270794490989, 6.155270794490989]
[4.052722641654373, 6.166559298603615, 6.172793715633784, 6.172793715633784, 6.172793715633784, 6.172793715633784, 6.172793715633784, 6.172793715633784, 6.172793715633784, 6.172793715633784, 6.172793715633784]
[6.1628225997075905, 6.23205311386527, 6.23205311386527, 6.23205311386527, 6.23205311386527, 6.23205311386527, 6.23205311386527, 6.23205311386527, 6.23205311386527, 6.23205311386527, 6.23205311386527]
[6.732334595635473, 6.732390644541192, 6.732390644541192, 6.732390644541192, 6.73239064454119, 6.732390644541192, 6.732390644541192, 6.732390644541192, 6.732390644541191, 6.73239064454119]

L = 9

[0.49999999999999994, 0.9999999999999999, 0.9999999999999999, 0.9999999999999999, 0.9999999999999999, 0.9999999999999999, 0.9999999999999999, 0.9999999999999999, 0.9999999999999999, 0.9999999999999999, 0.9999999999999999]
[0.5, 1.0, 1.0, 1.5, 2.0, 2.0, 2.0, 2.0, 2.0, 2.0, 2.0]
[0.75, 1.125, 1.5, 2.25, 2.625, 3.0, 3.0, 3.0, 3.0, 3.0, 3.0]
[0.8278195311147831, 1.2028195311147831, 1.5778195311147831, 2.202819531114783, 2.452819531114783, 2.702819531114783, 2.952819531114783, 3.202819531114783, 3.202819531114783, 3.202819531114783, 3.202819531114783]
[1.2028195311147833, 2.2181390622295662, 2.7882988277869583, 3.2570488277869583, 3.2570488277869583, 3.257048827786958, 3.257048827786958, 3.257048827786958, 3.257048827786958, 3.257048827786958, 3.257048827786958]
[0.6208646483360873, 1.2417292966721747, 1.6556390622295662, 2.1891736272264386, 2.5016736272264386, 2.970423627226439, 3.282923627226439, 3.751673627226439, 4.095423627226439, 4.282923627226439, 4.933615805247841]
[1.7683857416804372, 2.889250390016525, 3.691870214184568, 4.1332000969632645, 4.1332000969632645, 4.1332000969632645, 4.1332000969632645, 4.1332000969632645, 4.1332000969632645, 4.1332000969632645, 4.1332000969632645]
[1.2758157025826968, 2.1880134396468685, 3.0079005101152694, 3.6848468210975707, 4.20135292457094, 4.57723402804431, 4.891675476153146, 5.04782243189572, 5.04782243189572, 5.04782243189572, 5.04782243189572]
[2.193577582300496, 3.6366954817951918, 4.55481046089983, 5.002834331472595, 5.105582397355294, 5.105582397355294, 5.105582397355294, 5.105582397355294, 5.105582397355294, 5.105582397355294, 5.105582397355294]
[1.806074254781525, 3.0767143306620692, 4.142434473655431, 4.902809785161188, 5.379384121456733, 5.588361255794033, 5.588361255794032, 5.588361255794032, 5.588361255794032, 5.588361255794032, 5.588361255794032]
[2.822449009971602, 4.672223434925634, 5.709705385001252, 5.709705385001254, 5.709705385001254, 5.709705385001254, 5.709705385001254, 5.709705385001254, 5.709705385001254, 5.709705385001254, 5.709705385001254]
[3.1681956943300147, 5.241195702589348, 5.241195702589348, 5.241195702589348, 5.241195702589348, 5.241195702589348, 5.241195702589348, 5.241195702589348, 5.241195702589348, 5.241195702589348, 5.241195702589348]
[5.017268601440775, 5.4041775953960105, 5.4041775953960105, 5.4041775953960105, 5.4041775953960105, 5.4041775953960105, 5.4041775953960105, 5.4041775953960105, 5.4041775953960105, 5.4041775953960105, 5.4041775953960105]
[5.119784412979441, 5.119784412979441, 5.119784412979441, 5.119784412979441, 5.119784412979441, 5.119784412979441, 5.119784412979441, 5.119784412979441, 5.119784412979441, 5.119784412979441, 5.119784412979441]
[5.168111148320033, 5.168111148320033, 5.168111148320033, 5.168111148320033, 5.168111148320033, 5.168111148320033, 5.168111148320033, 5.168111148320033, 5.168111148320033, 5.168111148320033, 5.168111148320033]
[5.408831676283703, 5.408831676283703, 5.408831676283703, 5.408831676283703, 5.408831676283703, 5.408831676283703, 5.408831676283703, 5.408831676283703, 5.408831676283703, 5.408831676283703, 5.408831676283703]
[5.516561179939749, 5.516561179939749, 5.516561179939749, 5.516561179939749, 5.516561179939749, 5.516561179939749, 5.516561179939749, 5.516561179939749, 5.516561179939749, 5.516561179939749, 5.516561179939749]
[5.509917802802757, 5.509917802802757, 5.509917802802757, 5.509917802802757, 5.509917802802757, 5.509917802802757, 5.509917802802757, 5.509917802802757, 5.509917802802757, 5.509917802802757, 5.509917802802757]
[5.571030299437114, 5.571030299437114, 5.571030299437113, 5.571030299437114, 5.571030299437114, 5.571030299437113, 5.571030299437113, 5.571030299437114, 5.571030299437114, 5.571030299437114]
