
L = 4

[0.49999999999999994, 0.49999999999999994, 0.49999999999999994, 0.49999999999999994, 0.49999999999999994, 0.49999999999999994, 0.49999999999999994, 0.49999999999999994, 0.49999999999999994, 0.49999999999999994, 0.9999999999999999]
[0.49999999999999994, 0.49999999999999994, 0.49999999999999994, 0.49999999999999994, 0.49999999999999994, 0.49999999999999994, 1.0, 1.0, 1.0, 1.0, 1.5]
[0.49999999999999994, 0.49999999999999994, 0.49999999999999994, 0.49999999999999994, 0.49999999999999994, 0.49999999999999994, 1.0, 1.0, 1.0, 1.0, 1.5]
[0.5, 0.5, 0.5, 1.0, 1.0, 1.0, 1.5, 1.5, 1.5, 2.0, 2.0]
[0.49999999999999994, 0.49999999999999994, 0.49999999999999994, 1.0, 1.0, 1.0, 1.5, 1.5, 1.5, 1.5, 1.5]
[0.49999999999999994, 1.0, 1.0, 1.5, 1.5, 1.5, 1.5, 1.5, 1.5, 1.5, 1.5]
[0.5, 1.0, 1.0, 1.5, 1.5, 1.5, 1.5, 1.5, 1.5, 1.5, 1.5]
[1.0, 1.5, 1.5, 1.5, 1.5, 1.5, 1.5, 1.5, 1.5, 1.5, 1.5]
[1.5, 1.5, 1.5, 1.5, 1.5, 1.5, 1.5, 1.5, 1.5, 1.5]

L = 5

[0.49999999999999994, 0.49999999999999994, 0.49999999999999994, 0.49999999999999994, 0.49999999999999994, 0.49999999999999994, 0.9999999999999999, 0.9999999999999999, 0.9999999999999999, 0.9999999999999999, 0.9999999999999999]
[0.49999999999999994, 0.49999999999999994, 0.49999999999999994, 0.49999999999999994, 0.49999999999999994, 0.49999999999999994, 1.0, 1.0, 1.0, 1.0, 1.0]
[0.49999999999999994, 0.49999999999999994, 0.49999999999999994, 0.9999999999999999, 0.9999999999999999, 0.9999999999999999, 0.9999999999999999, 0.9999999999999999, 0.9999999999999999, 0.9999999999999999, 0.9999999999999999]
[0.49999999999999994, 0.49999999999999994, 0.49999999999999994, 0.9999999999999999, 0.9999999999999999, 0.9999999999999999, 0.9999999999999999, 0.9999999999999999, 0.9999999999999999, 0.9999999999999999, 0.9999999999999999]
[0.49999999999999994, 0.9999999999999999, 0.9999999999999999, 0.9999999999999999, 0.9999999999999999, 0.9999999999999999, 0.9999999999999999, 0.9999999999999999, 0.9999999999999999, 0.9999999999999999, 0.9999999999999999]
[-6.406853007629837e-16, -6.406853007629837e-16, -6.406853007629837e-16, -6.406853007629837e-16, -6.406853007629837e-16, -6.406853007629837e-16, -6.406853007629837e-16, -6.406853007629837e-16, -6.406853007629837e-16, -6.406853007629837e-16, -6.406853007629837e-16]
[-0.0, -0.0, -0.0, -0.0, -0.0, -0.0, -0.0, -0.0, -0.0, -0.0, -0.0]
[1.0000000000000002, 1.0000000000000002, 1.0000000000000002, 1.0000000000000002, 1.0000000000000002, 1.0000000000000002, 1.0000000000000002, 1.0000000000000002, 1.0000000000000002, 1.0000000000000002, 1.0000000000000002]
[0.9999999999999998, 0.9999999999999998, 0.9999999999999998, 0.9999999999999998, 0.9999999999999998, 0.9999999999999998, 0.9999999999999998, 0.9999999999999998, 0.9999999999999998, 0.9999999999999998, 0.9999999999999998]
[1.0000000000000004, 1.0000000000000004, 1.0000000000000004, 1.0000000000000004, 1.0000000000000004, 1.0000000000000004, 1.0000000000000004, 1.0000000000000004, 1.0000000000000004, 1.0000000000000004, 1.0000000000000004]
[1.0, 1.0, 1.0, 1.0, 1.0, 1.0, 1.0, 1.0, 1.0, 1.0]

L = 6

[0.49999999999999994, 0.49999999999999994, 0.49999999999999994, 0.49999999999999994, 0.49999999999999994, 0.49999999999999994, 0.9999999999999999, 0.9999999999999999, 0.9999999999999999, 0.9999999999999999, 0.9999999999999999]
[0.5, 0.5, 0.5, 1.0, 1.0, 1.0, 1.5, 1.5, 1.5, 2.0, 2.0]
[0.5, 0.5, 0.5, 0.875, 0.875, 0.875, 1.25, 1.25, 1.25, 1.625, 2.75]
[0.4273148814000081, 0.8023148814000081, 0.8023148814000081, 1.177314881400008, 1.552314881400008, 1.552314881400008, 1.802314881400008, 2.052314881400008, 2.052314881400008, 2.302314881400008, 3.4309534860365503]
[0.4796411107998991, 0.9324606419146824, 0.9324606419146824, 1.3852801730294655, 1.7602801730294655, 1.7602801730294655, 2.0804399385868573, 2.400599704144249, 2.400599704144249, 2.7207594697016404, 2.7207594697016404]
[0.7181390622295667, 1.0382988277869583, 1.3584585933443498, 1.9076542050254552, 2.1576542050254552, 2.3646090878041512, 2.5715639705828472, 2.9854737361402393, 3.192428618918935, 3.348678618918935, 3.9509616747788865]
[0.6346129481119224, 0.9219623156988475, 1.2093116832857722, 1.7433934904990325, 1.9933934904990325, 2.2433934904990323, 2.4777060797053, 2.8916158452626917, 3.0743530290561543, 3.257090212849617, 4.143148657195235]
[1.0475866661998487, 2.037101752714581, 2.6774212838293643, 3.3177408149441474, 3.3177408149441474, 3.3177408149441474, 3.3177408149441474, 3.3177408149441474, 3.3177408149441474, 3.3177408149441474, 3.3177408149441474]
[0.8609191111963697, 1.6158702714720943, 2.0955315297992207, 2.75563504465599, 3.1273592091557925, 3.6367811816599236, 3.955800695409749, 4.239773473109723, 4.239773473109723, 4.239773473109723, 4.239773473109723]
[2.32166322262702, 2.32166322262702, 2.32166322262702, 2.32166322262702, 2.32166322262702, 2.32166322262702, 2.32166322262702, 2.32166322262702, 2.32166322262702, 2.32166322262702, 2.32166322262702]
[1.6228604396633584, 2.787223005058675, 3.6700707412032205, 4.227630333496715, 4.227630333496716, 4.227630333496716, 4.227630333496716, 4.227630333496716, 4.227630333496716, 4.227630333496716, 4.227630333496716]
[2.6601293958739216, 3.9736697561368945, 4.560207005717895, 4.560207005717894, 4.560207005717894, 4.560207005717894, 4.560207005717894, 4.560207005717894, 4.560207005717894, 4.560207005717894, 4.560207005717894]
[4.679316203475719, 4.716568867560134, 4.7165720371444575, 4.7165720371444575, 4.716572037144458, 4.7165720371444575, 4.7165720371444575, 4.7165720371444575, 4.7165720371444575, 4.716572037144458]

L = 7

[0.49999999999999994, 0.49999999999999994, 0.49999999999999994, 0.9999999999999999, 0.9999999999999999, 0.9999999999999999, 0.9999999999999999, 0.9999999999999999, 0.9999999999999999, 0.9999999999999999, 0.9999999999999999]
[0.5, 0.5, 0.5, 1.0, 1.0, 1.0, 1.5, 1.5, 1.5, 2.0, 2.0]
[0.5, 1.0, 1.0, 1.375, 1.75, 1.75, 2.125, 2.5, 2.5, 2.5, 2.5]
[0.4273148814000081, 0.8023148814000083, 0.8023148814000083, 1.1773148814000085, 1.5523148814000085, 1.5523148814000085, 1.8023148814000085, 2.0523148814000085, 2.0523148814000085, 2.3023148814000085, 3.4309534860365503]
[0.75, 1.125, 1.375, 1.875, 2.125, 2.375, 2.625, 3.03125, 3.1875, 3.34375, 3.8125]
[0.6951597655573916, 1.0153195311147831, 1.3354792966721747, 1.8354792966721747, 2.0854792966721747, 2.3354792966721742, 2.5424341794508702, 2.9563439450082623, 3.1125939450082623, 3.2688439450082623, 4.018843945008262]
[0.7951843588852695, 1.500824938602433, 1.914734704159825, 2.535599352495913, 2.949509118053305, 3.4396289422213475, 3.6934588250000435, 4.074203649168087, 4.399066587806734, 4.524287388510342, 4.524287388510342]
[0.9324876343995543, 1.740394079407817, 2.249526856907467, 2.8703915052435547, 3.284301270800946, 3.7079384777476854, 3.9617683605263814, 4.130694581221055, 4.130694581221055, 4.130694581221055, 4.130694581221055]
[1.7312466189974351, 2.822931846813173, 3.703625041909418, 4.168142467875134, 4.168142467875134, 4.168142467875134, 4.168142467875134, 4.168142467875134, 4.168142467875134, 4.168142467875134, 4.168142467875134]
[1.5825361866977325, 2.7893502705585345, 3.7804271549716297, 4.196970739954016, 4.196970739954015, 4.196970739954015, 4.196970739954015, 4.196970739954015, 4.196970739954015, 4.196970739954015, 4.196970739954015]
[2.8717214126856856, 4.162876028808323, 4.162876028808322, 4.162876028808322, 4.162876028808322, 4.162876028808322, 4.162876028808322, 4.162876028808322, 4.162876028808322, 4.162876028808322, 4.162876028808322]
[2.721991496851772, 4.185808229278705, 4.185808229278706, 4.185808229278706, 4.185808229278706, 4.185808229278706, 4.185808229278706, 4.185808229278706, 4.185808229278706, 4.185808229278706, 4.185808229278706]
[4.215222606218468, 4.215222606218468, 4.215222606218468, 4.215222606218468, 4.215222606218468, 4.215222606218468, 4.215222606218468, 4.215222606218468, 4.215222606218468, 4.215222606218468, 4.215222606218468]
[3.868932767541652, 4.683389547134304, 4.683389547134304, 4.683389547134304, 4.683389547134304, 4.683389547134304, 4.683389547134304, 4.683389547134304, 4.683389547134304, 4.683389547134304, 4.683389547134304]
[4.725448406851497, 4.725454094890932, 4.7254540948909325, 4.725454094890932, 4.725454094890932, 4.7254540948909325, 4.725454094890932, 4.725454094890932, 4.7254540948909325, 4.725454094890932]

L = 8

[0.49999999999999994, 0.49999999999999994, 0.49999999999999994, 0.9999999999999999, 0.9999999999999999, 0.9999999999999999, 0.9999999999999999, 0.9999999999999999, 0.9999999999999999, 0.9999999999999999, 0.9999999999999999]
[0.49999999999999994, 0.9999999999999999, 0.9999999999999999, 0.9999999999999999, 0.9999999999999999, 0.9999999999999999, 0.9999999999999999, 0.9999999999999999, 0.9999999999999999, 0.9999999999999999, 0.9999999999999999]
[0.5273755142062793, 0.9023755142062793, 0.9023755142062793, 1.2773755142062793, 1.6523755142062793, 1.6523755142062793, 2.0273755142062795, 2.4023755142062795, 2.4023755142062795, 2.6119069720731005, 2.6119069720731005]
[0.75, 1.125, 1.5, 2.0, 2.25, 2.5, 2.75, 3.25, 3.5, 3.5, 3.5]
[0.5701597655573916, 0.8201597655573916, 1.0701597655573916, 1.5701597655573916, 1.8201597655573916, 2.0701597655573916, 2.2264097655573916, 2.5389097655573916, 2.6951597655573916, 2.8514097655573916, 4.413909765557392]
[0.9771768493204842, 1.6166619283171024, 2.012259093594235, 2.481009093594235, 2.793509093594235, 3.199759093594235, 3.387259093594235, 3.668509093594235, 3.949759093594235, 4.137259093594235, 4.658616643547354]
[0.5437334043094644, 0.9901444950550908, 1.2809888653355757, 1.699372465862535, 1.9546543280481916, 2.298977923407172, 2.5285269869798253, 2.816579182368002, 3.0978291823680015, 3.2853291823680015, 5.956285440963418]
[1.0806645092363851, 1.751994062518608, 2.3533982135391542, 2.8221482135391542, 3.2908982135391547, 3.7596482135391547, 4.195825005477066, 4.51389845601264, 4.84202345601264, 5.11546095601264, 5.851351466389628]
[0.862202202812832, 1.4595337057797433, 2.001712618109142, 2.485207576871302, 2.953957576871302, 3.392661013603766, 3.7721305011212296, 4.1480116045946, 4.584669970588064, 4.906462485163163, 6.122101539869298]
[1.6723877956071735, 2.7308831163570035, 3.536887461797516, 4.248813046685803, 4.8947168070155564, 5.335847305511909, 5.648367061421371, 5.88409383739103, 6.061371727591737, 6.119563603290582, 6.119563603290582]
[1.267065392406532, 2.272853516548307, 3.1769974670861516, 3.980507792158436, 4.7302680047301555, 5.298653348006092, 5.794311435177212, 6.1965211128591084, 6.2542773023810305, 6.2542773023810305, 6.2542773023810305]
[2.3169830058182797, 3.7235876543320447, 4.837161550023281, 5.612844948165904, 6.166279987785059, 6.461987962075785, 6.599483305505774, 6.599483305505774, 6.599483305505774, 6.599483305505774, 6.599483305505775]
[2.1317429449587544, 3.509808727105939, 4.685718995689322, 5.552215304654202, 6.171900143164165, 6.570034666677005, 6.72077703343572, 6.720777033435719, 6.72077703343572, 6.720777033435719, 6.720777033435719]
[4.0249289049917305, 6.193144389009023, 6.1931443890090225, 6.193144389009023, 6.1931443890090225, 6.1931443890090225, 6.193144389009022, 6.193144389009023, 6.1931443890090225, 6.1931443890090225, 6.1931443890090225]
[3.232607592471127, 5.404634988546192, 6.505700706459136, 6.895693013779224, 6.895693013779223, 6.895693013779222, 6.895693013779224, 6.895693013779224, 6.895693013779224, 6.895693013779223, 6.895693013779223]
[5.200707153679797, 6.982814626407907, 7.007858048685532, 7.007858048685531, 7.007858048685531, 7.007858048685532, 7.007858048685531, 7.007858048685531, 7.007858048685531, 7.007858048685531, 7.007858048685531]
[7.019994521259075, 7.026218227984101, 7.026218634167881, 7.026218634167881, 7.026218634167881, 7.026218634167881, 7.026218634167881, 7.026218634167881, 7.026218634167882, 7.026218634167881]

L = 9

[0.49999999999999994, 0.9999999999999999, 0.9999999999999999, 0.9999999999999999, 0.9999999999999999, 0.9999999999999999, 0.9999999999999999, 0.9999999999999999, 0.9999999999999999, 0.9999999999999999, 0.9999999999999999]
[0.49999999999999994, 1.0, 1.0, 1.5, 1.5, 1.5, 1.5, 1.5, 1.5, 1.5, 1.5]
[0.875, 1.25, 1.625, 2.375, 2.75, 2.75, 2.75, 2.75, 2.75, 2.75, 2.75]
[1.0, 1.375, 1.75, 2.25, 2.5, 2.75, 2.75, 2.75, 2.75, 2.75, 2.75]
[1.104082074391725, 1.8930153083023893, 2.393015308302389, 3.0193225351086763, 3.3318225351086763, 3.8005725351086763, 3.8005725351086763, 3.8005725351086763, 3.8005725351086763, 3.8005725351086763, 3.8005725351086763]
[0.6208646483360873, 1.2417292966721747, 1.6556390622295662, 2.1891736272264386, 2.5016736272264386, 2.970423627226439, 3.282923627226439, 3.751673627226439, 4.095423627226439, 4.282923627226439, 4.933615805247841]
[1.4955591794508707, 2.3782189450082623, 3.1594689450082623, 3.8820488277869583, 4.48345859334435, 4.67095859334435, 4.67095859334435, 4.67095859334435, 4.67095859334435, 4.67095859334435, 4.67095859334435]
[1.2558109883127195, 2.1048476091529382, 2.8063809900378534, 3.4409556969845934, 4.075530403931333, 4.610610286710029, 4.962072383299095, 5.101703338079096, 5.101703338079096, 5.101703338079096, 5.101703338079096]
[1.8107841099051045, 3.0919531435631176, 4.099307440235294, 4.92275994817327, 5.3805554092600625, 5.594207727837096, 5.594207727837098, 5.594207727837098, 5.594207727837098, 5.594207727837098, 5.594207727837098]
[1.6220880691284782, 2.624498307401758, 3.477113859251818, 4.228876066198557, 4.9649369059239925, 5.5224968180080145, 5.9325767007867105, 5.9875450756814, 5.9875450756814, 5.9875450756814, 5.9875450756814]
[3.170503768858864, 5.2748123917011505, 5.2748123917011505, 5.2748123917011505, 5.2748123917011505, 5.2748123917011505, 5.2748123917011505, 5.2748123917011505, 5.2748123917011505, 5.2748123917011505, 5.2748123917011505]
[2.5869492508434284, 4.025072502443942, 5.386121400575635, 6.0471557122804365, 6.0471557122804365, 6.0471557122804365, 6.047155712280437, 6.0471557122804365, 6.0471557122804365, 6.0471557122804365, 6.0471557122804365]
[4.892358716853975, 5.441834526023523, 5.441834526023523, 5.441834526023523, 5.441834526023523, 5.441834526023523, 5.441834526023523, 5.441834526023523, 5.441834526023523, 5.441834526023523, 5.441834526023523]
[5.184777485450779, 5.184777485450779, 5.184777485450779, 5.184777485450779, 5.184777485450779, 5.184777485450779, 5.184777485450779, 5.184777485450779, 5.184777485450779, 5.184777485450779, 5.184777485450779]
[5.200027602112898, 5.200027602112898, 5.200027602112898, 5.200027602112898, 5.200027602112898, 5.200027602112898, 5.200027602112898, 5.200027602112898, 5.200027602112898, 5.200027602112898, 5.200027602112898]
[5.474984048443741, 5.474984048443741, 5.474984048443741, 5.474984048443741, 5.474984048443741, 5.474984048443741, 5.474984048443741, 5.474984048443741, 5.474984048443741, 5.474984048443741, 5.474984048443741]
[5.0541085351972885, 5.0541085351972885, 5.0541085351972885, 5.0541085351972885, 5.0541085351972885, 5.0541085351972885, 5.0541085351972885, 5.0541085351972885, 5.0541085351972885, 5.0541085351972885, 5.0541085351972885]
[5.410262165933341, 5.410262165933341, 5.410262165933341, 5.410262165933341, 5.410262165933341, 5.410262165933341, 5.410262165933341, 5.410262165933341, 5.410262165933341, 5.410262165933341, 5.410262165933341]
[6.30344693736408, 6.30344693736408, 6.303446937364081, 6.30344693736408, 6.303446937364081, 6.303446937364081, 6.303446937364081, 6.30344693736408, 6.30344693736408, 6.303446937364081]
