
L = 4

[
[0.49999999999999994, 0.49999999999999994, 0.49999999999999994, 0.49999999999999994, 0.49999999999999994, 0.49999999999999994, 0.49999999999999994, 0.49999999999999994, 0.49999999999999994, 0.49999999999999994, 0.9999999999999999],[0.5, 0.5, 0.5, 0.5, 0.5, 0.5, 1.0, 1.0, 1.0, 1.0, 2.0],[0.49999999999999994, 0.49999999999999994, 0.49999999999999994, 0.49999999999999994, 0.49999999999999994, 0.49999999999999994, 1.0, 1.0, 1.0, 1.0, 1.5],[0.5, 0.5, 0.5, 1.0, 1.0, 1.0, 1.5, 1.5, 1.5, 2.0, 2.0],[0.49999999999999994, 0.49999999999999994, 0.49999999999999994, 1.0, 1.0, 1.0, 1.5, 1.5, 1.5, 1.5, 1.5],[0.5, 1.0, 1.0, 1.5, 2.0, 2.0, 2.0, 2.0, 2.0, 2.0, 2.0],[0.5, 1.0, 1.0, 1.5, 2.0, 2.0, 2.0, 2.0, 2.0, 2.0, 2.0],[1.0000000000000002, 1.0000000000000002, 1.0000000000000002, 1.0000000000000002, 1.0000000000000002, 1.0000000000000002, 1.0000000000000002, 1.0000000000000002, 1.0000000000000002, 1.0000000000000002, 1.0000000000000002],[1.0, 1.5, 2.0, 2.0, 2.0, 2.0, 2.0, 2.0, 2.0, 2.0, 2.0]
]

L = 5

[
[0.49999999999999994, 0.49999999999999994, 0.49999999999999994, 0.49999999999999994, 0.49999999999999994, 0.49999999999999994, 0.9999999999999999, 0.9999999999999999, 0.9999999999999999, 0.9999999999999999, 0.9999999999999999],[0.49999999999999994, 0.49999999999999994, 0.49999999999999994, 0.49999999999999994, 0.49999999999999994, 0.49999999999999994, 1.0, 1.0, 1.0, 1.0, 1.0],[0.49999999999999994, 0.49999999999999994, 0.49999999999999994, 0.9999999999999999, 0.9999999999999999, 0.9999999999999999, 0.9999999999999999, 0.9999999999999999, 0.9999999999999999, 0.9999999999999999, 0.9999999999999999],[0.49999999999999994, 0.49999999999999994, 0.49999999999999994, 0.9999999999999999, 0.9999999999999999, 0.9999999999999999, 0.9999999999999999, 0.9999999999999999, 0.9999999999999999, 0.9999999999999999, 0.9999999999999999],[0.49999999999999994, 0.9999999999999999, 0.9999999999999999, 0.9999999999999999, 0.9999999999999999, 0.9999999999999999, 0.9999999999999999, 0.9999999999999999, 0.9999999999999999, 0.9999999999999999, 0.9999999999999999],[0.49999999999999994, 1.0, 1.0, 1.0, 1.0, 1.0, 1.0, 1.0, 1.0, 1.0, 1.0],[0.9999999999999999, 0.9999999999999999, 0.9999999999999999, 0.9999999999999999, 0.9999999999999999, 0.9999999999999999, 0.9999999999999999, 0.9999999999999999, 0.9999999999999999, 0.9999999999999999, 0.9999999999999999],[1.0, 1.0, 1.0, 1.0, 1.0, 1.0, 1.0, 1.0, 1.0, 1.0, 1.0],[0.9999999999999998, 0.9999999999999998, 0.9999999999999998, 0.9999999999999998, 0.9999999999999998, 0.9999999999999998, 0.9999999999999998, 0.9999999999999998, 0.9999999999999998, 0.9999999999999998, 0.9999999999999998],[1.0, 1.0, 1.0, 1.0, 1.0, 1.0, 1.0, 1.0, 1.0, 1.0, 1.0],[1.0, 1.0, 1.0, 1.0, 1.0, 1.0, 1.0, 1.0, 1.0, 1.0, 1.0]
]

L = 6

[
[0.49999999999999994, 0.49999999999999994, 0.49999999999999994, 0.49999999999999994, 0.49999999999999994, 0.49999999999999994, 0.9999999999999999, 0.9999999999999999, 0.9999999999999999, 0.9999999999999999, 0.9999999999999999],[0.49999999999999994, 0.49999999999999994, 0.49999999999999994, 1.0, 1.0, 1.0, 1.5, 1.5, 1.5, 1.5, 1.5],[0.5, 0.5, 0.5, 1.0, 1.0, 1.0, 1.5, 1.5, 1.5, 1.875, 2.25],[0.375, 0.75, 0.75, 1.125, 1.375, 1.375, 1.625, 1.875, 1.875, 2.125, 3.625],[0.3349362631784599, 0.6304072660268982, 0.6304072660268982, 0.8804072660268983, 1.1304072660268984, 1.1304072660268984, 1.3804072660268984, 1.6304072660268984, 1.6304072660268984, 1.8804072660268984, 4.276583480823842],[0.6374824762377342, 0.8874824762377342, 1.1374824762377342, 1.6374824762377342, 1.84443735901643, 2.051392241795126, 2.2199867140421565, 2.5324867140421565, 2.6887367140421565, 2.8449867140421565, 4.5457603047392645],[0.6272270279146721, 0.9173469834919135, 1.1673469834919135, 1.6018528714355735, 1.8088077542142693, 2.015762636992965, 2.2227175197716607, 2.54852312323217, 2.70477312323217, 2.86102312323217, 4.5553733634984015],[0.9463784099676253, 1.708835222337964, 2.155620734280223, 2.713442784786085, 3.0624913420781503, 3.5719133145822823, 3.9115279629183695, 4.2082502284757615, 4.2082502284757615, 4.2082502284757615, 4.2082502284757615],[1.0703273702129956, 2.0971012464815857, 2.7170268048441772, 3.308912227669537, 3.308912227669537, 3.308912227669537, 3.308912227669537, 3.308912227669537, 3.308912227669537, 3.308912227669537, 3.308912227669537],[1.733655052005323, 2.837142837054506, 3.674918083341751, 4.180880766755602, 4.180880766755603, 4.180880766755603, 4.180880766755603, 4.180880766755603, 4.180880766755603, 4.180880766755603, 4.180880766755603],[1.6228604396633595, 2.7872230050586757, 3.6700707412032214, 4.227630333496717, 4.227630333496716, 4.227630333496716, 4.227630333496716, 4.227630333496716, 4.227630333496716, 4.227630333496716, 4.227630333496716],[2.605484484844985, 4.241782952770139, 4.241782952770139, 4.241782952770139, 4.241782952770139, 4.241782952770139, 4.241782952770139, 4.241782952770139, 4.241782952770139, 4.241782952770139, 4.241782952770139],[2.31292505841438, 3.6100152167793977, 4.42908997808882, 4.831770905497832, 5.016398581826639, 5.094036126433743, 5.131982146017779, 5.149829620125384, 5.156801696692359, 5.158329474187611, 5.159222475720819]
]

L = 7

[
[0.49999999999999994, 0.49999999999999994, 0.49999999999999994, 0.9999999999999999, 0.9999999999999999, 0.9999999999999999, 0.9999999999999999, 0.9999999999999999, 0.9999999999999999, 0.9999999999999999, 0.9999999999999999],[0.49999999999999994, 0.49999999999999994, 0.49999999999999994, 1.0, 1.0, 1.0, 1.5, 1.5, 1.5, 1.5, 1.5],[0.375, 0.75, 0.75, 1.125, 1.5, 1.5, 1.875, 2.25, 2.25, 2.625, 3.0],[0.5299159631494754, 0.9049159631494754, 0.9049159631494754, 1.2799159631494754, 1.6549159631494754, 1.6549159631494754, 1.9673725614861368, 2.217372561486137, 2.217372561486137, 2.467372561486137, 2.717372561486137],[0.75, 1.0, 1.25, 1.75, 2.0, 2.25, 2.5, 3.0, 3.25, 3.40625, 3.875],[0.75, 1.0701597655573916, 1.3903195311147831, 2.0306390622295662, 2.350798827786958, 2.6709585933443494, 2.991118358901741, 3.3112781244591325, 3.3112781244591325, 3.3112781244591325, 3.3112781244591325],[1.1595702047779408, 1.9878086483411592, 2.4736035467889605, 2.9930584295676566, 3.2773842396589856, 3.6581290638270287, 3.7825111743983975, 3.7825111743983975, 3.7825111743983975, 3.7825111743983975, 3.7825111743983975],[0.8066515159230123, 1.5363127742501392, 2.015974032577266, 2.6697144272982216, 3.0836241928556136, 3.630193723970396, 3.969808372306483, 4.266530637863875, 4.266530637863875, 4.266530637863875, 4.266530637863875],[1.3471215555622764, 2.3228876924284454, 3.210283626345256, 4.016427864406778, 4.507454063502751, 4.715741823609851, 4.71574182360985, 4.71574182360985, 4.71574182360985, 4.71574182360985, 4.71574182360985],[1.6756276409053712, 2.7845538243444263, 3.6557167419895205, 4.203103646283195, 4.203103646283196, 4.203103646283196, 4.203103646283196, 4.203103646283196, 4.203103646283196, 4.203103646283196, 4.203103646283196],[2.4268650383889923, 4.041604852628675, 4.633623565246415, 4.633623565246415, 4.633623565246415, 4.633623565246415, 4.633623565246415, 4.633623565246415, 4.633623565246415, 4.633623565246415, 4.633623565246415],[2.273819149629833, 3.465918251671896, 4.553040662660304, 4.962967810996391, 4.962967810996391, 4.962967810996391, 4.962967810996391, 4.962967810996391, 4.962967810996391, 4.962967810996391, 4.962967810996391],[4.291508033391611, 4.291508033391611, 4.291508033391611, 4.291508033391611, 4.291508033391611, 4.291508033391611, 4.291508033391611, 4.291508033391611, 4.291508033391611, 4.291508033391611, 4.291508033391611],[4.017591991629663, 4.730490178520875, 4.730490178520875, 4.730490178520875, 4.730490178520875, 4.730490178520875, 4.730490178520875, 4.730490178520875, 4.730490178520875, 4.730490178520875, 4.730490178520875],[4.163526434178313, 4.551538731047883, 4.617413186881769, 4.628303178234347, 4.629551287722676, 4.6296607536563, 4.629677081108665, 4.629677443377566, 4.629677472463501, 4.629677472742763, 4.629677472742994]
]

L = 8

[
[0.49999999999999994, 0.49999999999999994, 0.49999999999999994, 0.9999999999999999, 0.9999999999999999, 0.9999999999999999, 0.9999999999999999, 0.9999999999999999, 0.9999999999999999, 0.9999999999999999, 0.9999999999999999],[0.49999999999999994, 1.0, 1.0, 1.5, 1.5, 1.5, 1.5, 1.5, 1.5, 1.5, 1.5],[0.5, 1.0, 1.0, 1.375, 1.75, 1.75, 2.125, 2.5, 2.5, 2.5, 2.5],[0.75, 1.0, 1.25, 1.75, 2.0, 2.25, 2.5, 3.0, 3.25, 3.5, 3.75],[0.6550960287358516, 0.9505670315842899, 1.20056703158429, 1.70056703158429, 1.95056703158429, 2.2005670315842902, 2.412581892711922, 2.725081892711922, 2.881331892711922, 3.037581892711922, 4.252993246381234],[0.7449877182372477, 1.3154553141749106, 1.6279553141749108, 2.096705314174911, 2.409205314174911, 2.841186594516674, 3.028686594516674, 3.309936594516674, 3.5911865945166745, 3.7786865945166745, 5.185840516698267],[0.7332475959543397, 1.3014817105217429, 1.614404395362568, 2.027794917816575, 2.281624800595271, 2.642841404142124, 2.8723904677147774, 3.1897734449929853, 3.4710234449929853, 3.6585234449929853, 5.447757548288363],[1.2427598669690765, 1.9628156526362783, 2.6016662072868852, 3.1253009393788505, 3.594050939378851, 3.9791604326443166, 4.252597932644317, 4.526035432644317, 4.854160432644317, 5.127597932644317, 5.6378174313491485],[0.900654833791646, 1.5687653387272218, 2.161577589777099, 2.688929203938741, 3.1744690969916585, 3.6270120868574067, 4.002893190330776, 4.378774293804146, 4.82983161797219, 5.107111713315521, 5.980221312289364],[1.4871597401970131, 2.4829676524141067, 3.335852548293088, 4.054212405667735, 4.696610024254912, 5.128386101223808, 5.468750419830307, 5.74401800774827, 5.9862043746253395, 6.152669590558985, 6.3794418801536805],[1.2503610896012765, 2.213660750303743, 3.001624248572543, 3.644618970565243, 4.270499002970312, 4.773790938410522, 5.208265791883891, 5.592653438100454, 5.886027808080825, 6.132562109817505, 6.682338554228993],[2.251701394622688, 3.6433240214806615, 4.701168663655315, 5.517317651563253, 6.154460823688247, 6.470923816592184, 6.661036353428013, 6.692494911272046, 6.692494911272046, 6.692494911272045, 6.692494911272045],[1.8998211330357404, 3.358638316053715, 4.4801956421404086, 5.345050467855488, 6.0331804958203055, 6.425516187035308, 6.711182169005925, 6.90759244470912, 6.9354333499019445, 6.935433349901944, 6.9354333499019445],[3.1745555184029906, 5.325121751571254, 6.51972786881231, 6.946873424432757, 6.971365375801163, 6.971365375801163, 6.971365375801163, 6.971365375801163, 6.971365375801164, 6.971365375801163, 6.971365375801163],[3.214970825428286, 5.342490544419646, 6.45330833642076, 6.954254273880552, 6.980028412905247, 6.980028412905247, 6.980028412905246, 6.980028412905246, 6.980028412905246, 6.980028412905247, 6.980028412905246],[5.433669792678334, 6.8185724259223415, 6.8353396860709, 6.835339686070901, 6.835339686070901, 6.8353396860709, 6.8353396860709, 6.835339686070901, 6.8353396860709, 6.835339686070901, 6.835339686070901],[5.326950130509712, 6.655933715647353, 6.954524000746069, 7.035668333508561, 7.060059878649639, 7.06719997086622, 7.068980809631794, 7.0693325745795805, 7.069365340566855, 7.069368858359863, 7.069369098900164]
]

L = 9

[
[0.49999999999999994, 0.9999999999999999, 0.9999999999999999, 0.9999999999999999, 0.9999999999999999, 0.9999999999999999, 0.9999999999999999, 0.9999999999999999, 0.9999999999999999, 0.9999999999999999, 0.9999999999999999],[0.5, 1.0, 1.0, 1.5, 2.0, 2.0, 2.0, 2.0, 2.0, 2.0, 2.0],[0.75, 1.125, 1.5, 2.25, 2.625, 3.0, 3.0, 3.0, 3.0, 3.0, 3.0],[0.75, 1.125, 1.5, 2.125, 2.375, 2.625, 2.875, 3.375, 3.375, 3.375, 3.375],[1.0701597655573916, 1.86563076840583, 2.27188076840583, 2.74063076840583, 3.05313076840583, 3.52188076840583, 3.83438076840583, 4.066886508575667, 4.066886508575667, 4.066886508575667, 4.066886508575667],[0.849437153068177, 1.5556329145818615, 1.9188377973605575, 2.3875877973605575, 2.7000877973605575, 3.168837797360558, 3.461311170915922, 3.7538709412574764, 4.0351209412574764, 4.2226209412574764, 4.765020486683906],[1.2319340366865983, 2.0435470940921254, 2.8247970940921254, 3.497010577397781, 4.032090460176477, 4.500840460176477, 4.852402960176477, 5.079063181380251, 5.2062998178479365, 5.2062998178479365, 5.2062998178479365],[1.3087204814360114, 2.083620919614657, 2.7935528638645937, 3.443199018271973, 4.077773725218712, 4.712348432165452, 4.9661783149441465, 4.9661783149441465, 4.9661783149441465, 4.9661783149441465, 4.9661783149441465],[2.0845839645411806, 3.2901773288213496, 4.1645389508774935, 4.896459806140813, 5.340302501181795, 5.36166174938996, 5.36166174938996, 5.36166174938996, 5.36166174938996, 5.36166174938996, 5.36166174938996],[2.2675939898065343, 3.7836206472801783, 4.758692120301767, 4.875267808411503, 4.875267808411503, 4.875267808411503, 4.875267808411503, 4.875267808411503, 4.875267808411503, 4.875267808411503, 4.875267808411503],[3.73024873446917, 4.891205894125283, 4.891205894125283, 4.891205894125283, 4.891205894125283, 4.891205894125283, 4.891205894125283, 4.891205894125283, 4.891205894125283, 4.891205894125283, 4.891205894125283],[3.324653799670007, 5.198111850401693, 5.198111850401693, 5.198111850401693, 5.198111850401693, 5.198111850401693, 5.198111850401693, 5.198111850401693, 5.198111850401693, 5.198111850401693, 5.198111850401693],[4.952687051450586, 5.528083492168202, 5.528083492168202, 5.528083492168202, 5.528083492168202, 5.528083492168202, 5.528083492168202, 5.528083492168202, 5.528083492168202, 5.528083492168202, 5.528083492168202],[4.429567487431666, 4.429567487431666, 4.429567487431666, 4.429567487431666, 4.429567487431666, 4.429567487431666, 4.429567487431666, 4.429567487431666, 4.429567487431666, 4.429567487431666, 4.429567487431666],[4.617873531853299, 4.617873531853299, 4.617873531853299, 4.617873531853299, 4.617873531853299, 4.617873531853299, 4.617873531853299, 4.617873531853299, 4.617873531853299, 4.617873531853299, 4.617873531853299],[4.92529749431281, 4.92529749431281, 4.92529749431281, 4.92529749431281, 4.92529749431281, 4.92529749431281, 4.92529749431281, 4.92529749431281, 4.92529749431281, 4.92529749431281, 4.92529749431281],[4.306873343243835, 4.306873343243835, 4.306873343243835, 4.306873343243835, 4.306873343243835, 4.306873343243835, 4.306873343243835, 4.306873343243835, 4.306873343243835, 4.306873343243835, 4.306873343243835],[5.422640120086742, 5.422640120086742, 5.422640120086742, 5.422640120086742, 5.422640120086742, 5.422640120086742, 5.422640120086742, 5.422640120086742, 5.422640120086742, 5.422640120086742, 5.422640120086742],[6.004780437318418, 6.0093005356576095, 6.009300610611399, 6.009300610611398, 6.009300610611399, 6.009300610611399, 6.009300610611398, 6.009300610611399, 6.009300610611399, 6.009300610611399, 6.009300610611399]
]

L = 4

[
[0.49999999999999994, 0.49999999999999994, 0.49999999999999994, 0.49999999999999994, 0.49999999999999994, 0.49999999999999994, 0.49999999999999994, 0.49999999999999994, 0.49999999999999994, 0.49999999999999994, 0.9999999999999999],[0.49999999999999994, 0.49999999999999994, 0.49999999999999994, 0.49999999999999994, 0.49999999999999994, 0.49999999999999994, 1.0, 1.0, 1.0, 1.0, 1.5],[0.49999999999999994, 0.49999999999999994, 0.49999999999999994, 0.49999999999999994, 0.49999999999999994, 0.49999999999999994, 1.0, 1.0, 1.0, 1.0, 1.5],[0.5, 0.5, 0.5, 1.0, 1.0, 1.0, 1.5, 1.5, 1.5, 1.5, 1.5],[0.5, 0.5, 0.5, 1.0, 1.0, 1.0, 1.5, 1.5, 1.5, 2.0, 2.0],[0.49999999999999994, 1.0, 1.0, 1.5, 1.5, 1.5, 1.5, 1.5, 1.5, 1.5, 1.5],[0.5, 1.0, 1.0, 1.5, 2.0, 2.0, 2.0, 2.0, 2.0, 2.0, 2.0],[1.0, 1.5, 2.0, 2.0, 2.0, 2.0, 2.0, 2.0, 2.0, 2.0, 2.0],[0.9999999999999998, 1.4999999999999996, 1.4999999999999996, 1.4999999999999996, 1.4999999999999996, 1.4999999999999996, 1.4999999999999996, 1.4999999999999996, 1.4999999999999996, 1.4999999999999996, 1.4999999999999996]
]

L = 5

[
[0.49999999999999994, 0.49999999999999994, 0.49999999999999994, 0.49999999999999994, 0.49999999999999994, 0.49999999999999994, 0.9999999999999999, 0.9999999999999999, 0.9999999999999999, 0.9999999999999999, 0.9999999999999999],[0.49999999999999994, 0.49999999999999994, 0.49999999999999994, 0.49999999999999994, 0.49999999999999994, 0.49999999999999994, 1.0, 1.0, 1.0, 1.0, 1.0],[-6.406853007629837e-16, -6.406853007629837e-16, -6.406853007629837e-16, -6.406853007629837e-16, -6.406853007629837e-16, -6.406853007629837e-16, -6.406853007629837e-16, -6.406853007629837e-16, -6.406853007629837e-16, -6.406853007629837e-16, -6.406853007629837e-16],[0.49999999999999994, 0.49999999999999994, 0.49999999999999994, 1.0, 1.0, 1.0, 1.0, 1.0, 1.0, 1.0, 1.0],[0.49999999999999994, 0.9999999999999999, 0.9999999999999999, 0.9999999999999999, 0.9999999999999999, 0.9999999999999999, 0.9999999999999999, 0.9999999999999999, 0.9999999999999999, 0.9999999999999999, 0.9999999999999999],[0.49999999999999994, 0.9999999999999999, 0.9999999999999999, 0.9999999999999999, 0.9999999999999999, 0.9999999999999999, 0.9999999999999999, 0.9999999999999999, 0.9999999999999999, 0.9999999999999999, 0.9999999999999999],[1.0, 1.0, 1.0, 1.0, 1.0, 1.0, 1.0, 1.0, 1.0, 1.0, 1.0],[-1.922055902288952e-15, -1.922055902288952e-15, -1.922055902288952e-15, -1.922055902288952e-15, -1.922055902288952e-15, -1.922055902288952e-15, -1.922055902288952e-15, -1.922055902288952e-15, -1.922055902288952e-15, -1.922055902288952e-15, -1.922055902288952e-15],[0.9999999999999997, 0.9999999999999997, 0.9999999999999997, 0.9999999999999997, 0.9999999999999997, 0.9999999999999997, 0.9999999999999997, 0.9999999999999997, 0.9999999999999997, 0.9999999999999997, 0.9999999999999997],[1.0000000000000002, 1.0000000000000002, 1.0000000000000002, 1.0000000000000002, 1.0000000000000002, 1.0000000000000002, 1.0000000000000002, 1.0000000000000002, 1.0000000000000002, 1.0000000000000002, 1.0000000000000002],[0.9999999999999998, 0.9999999999999998, 0.9999999999999998, 0.9999999999999998, 0.9999999999999998, 0.9999999999999998, 0.9999999999999998, 0.9999999999999998, 0.9999999999999998, 0.9999999999999998, 0.9999999999999998]
]

L = 6

[
[0.49999999999999994, 0.49999999999999994, 0.49999999999999994, 0.49999999999999994, 0.49999999999999994, 0.49999999999999994, 0.9999999999999999, 0.9999999999999999, 0.9999999999999999, 0.9999999999999999, 0.9999999999999999],[0.5, 0.5, 0.5, 1.0, 1.0, 1.0, 1.5, 1.5, 1.5, 2.0, 2.0],[0.5, 0.5, 0.5, 1.0, 1.0, 1.0, 1.5, 1.5, 1.5, 1.875, 2.25],[0.4273148814000081, 0.8023148814000081, 0.8023148814000081, 1.177314881400008, 1.552314881400008, 1.552314881400008, 1.802314881400008, 2.052314881400008, 2.052314881400008, 2.302314881400008, 3.4309534860365503],[0.4846482731416543, 0.922828428284699, 0.922828428284699, 1.297828428284699, 1.5478284282846992, 1.5478284282846992, 1.7978284282846992, 2.0478284282846992, 2.0478284282846992, 2.2978284282846992, 3.3780840730574058],[0.75, 1.0701597655573916, 1.3903195311147831, 1.9604792966721747, 2.2104792966721747, 2.4604792966721747, 2.6674341794508707, 3.081343945008262, 3.237593945008262, 3.393843945008262, 3.831343945008262],[0.5894619138934791, 0.8587640622295665, 1.1280662105656538, 1.6280662105656538, 1.8350210933443496, 2.0419759761230454, 2.2489308589017414, 2.6628406244591334, 2.8697955072378294, 3.0767503900165254, 4.234609862520656],[0.7414834323231068, 1.4078513397051804, 1.821761105262572, 2.3941903556281927, 2.7066903556281927, 3.1754403556281927, 3.47367674447818, 3.8694930161068637, 4.150743016106863, 4.319669236801537, 4.844009045217238],[0.990312770013785, 1.7475683383776348, 2.183808498856305, 2.747518083015447, 3.112992450602372, 3.562879476292566, 3.755058431113141, 3.9995647906578027, 4.179034167052738, 4.257653833806339, 4.331095585228935],[1.6274165259034272, 2.691375602430319, 3.4283543781806625, 4.016704722349844, 4.402391645290708, 4.515758305945519, 4.515758305945519, 4.515758305945519, 4.515758305945519, 4.515758305945519, 4.515758305945519],[1.647771456259922, 2.8097163906764626, 3.6787573169317085, 4.2183934853945, 4.2183934853945, 4.2183934853945, 4.2183934853945, 4.2183934853945, 4.2183934853945, 4.2183934853945, 4.2183934853945],[2.8835638959206595, 4.154182770389722, 4.154182770389722, 4.154182770389722, 4.154182770389722, 4.154182770389722, 4.154182770389722, 4.154182770389722, 4.154182770389722, 4.154182770389722, 4.154182770389722],[2.851160666707962, 4.1577741139625, 4.217258205795883, 4.231516996345655, 4.23287976912367, 4.2328859618777575, 4.2328860382806885, 4.232886038321789, 4.232886038321789, 4.232886038321789, 4.232886038321789]
]

L = 7

[
[0.49999999999999994, 0.49999999999999994, 0.49999999999999994, 0.9999999999999999, 0.9999999999999999, 0.9999999999999999, 0.9999999999999999, 0.9999999999999999, 0.9999999999999999, 0.9999999999999999, 0.9999999999999999],[0.5, 0.5, 0.5, 1.0, 1.0, 1.0, 1.5, 1.5, 1.5, 2.0, 2.0],[0.5, 1.0, 1.0, 1.375, 1.75, 1.75, 2.125, 2.5, 2.5, 2.5, 2.5],[0.4528195311147833, 0.8801344125147914, 0.8801344125147914, 1.2551344125147916, 1.5051344125147916, 1.5051344125147916, 1.7551344125147916, 2.0051344125147916, 2.0051344125147916, 2.2551344125147916, 3.3837730171513334],[0.7060025339689487, 1.001473536817387, 1.2969445396658252, 1.7969445396658252, 2.0469445396658252, 2.2969445396658252, 2.5469445396658252, 2.8594445396658252, 3.0156945396658252, 3.1719445396658252, 4.112885353456317],[0.7934487351738495, 1.113608500731241, 1.363608500731241, 1.863608500731241, 2.113608500731241, 2.3636085007312406, 2.5705633835099366, 2.9337682662886326, 3.0900182662886326, 3.2462682662886326, 3.871268266288632],[0.9895150865147329, 1.7682454074720741, 2.2268159628720237, 2.8923414010506687, 3.3062511666080607, 3.9271158149441483, 3.9271158149441483, 3.9271158149441483, 3.9271158149441483, 3.9271158149441483, 3.9271158149441483],[1.2623941113135104, 2.2677288846923966, 2.923225722627021, 2.923225722627021, 2.923225722627021, 2.923225722627021, 2.923225722627021, 2.923225722627021, 2.923225722627021, 2.923225722627021, 2.923225722627021],[1.6596893070245902, 2.8154213549939513, 3.7672593728863655, 4.1809305457847294, 4.1809305457847294, 4.1809305457847294, 4.1809305457847294, 4.1809305457847294, 4.1809305457847294, 4.1809305457847294, 4.1809305457847294],[1.5930283177316233, 2.545919372772246, 3.3248171321825293, 3.9195494625642966, 4.360337102869854, 4.630307514564047, 4.630307514564047, 4.630307514564047, 4.630307514564047, 4.630307514564047, 4.630307514564047],[2.6711666415723414, 4.011581113268022, 4.5282959689754145, 4.5282959689754145, 4.5282959689754145, 4.5282959689754145, 4.5282959689754145, 4.5282959689754145, 4.5282959689754145, 4.5282959689754145, 4.5282959689754145],[2.2774005997347433, 3.4620103235060196, 4.53602587321952, 4.958719816786715, 4.958719816786715, 4.958719816786715, 4.958719816786715, 4.958719816786715, 4.958719816786715, 4.958719816786715, 4.958719816786715],[3.9797079572702554, 4.559869399892131, 4.559869399892131, 4.559869399892131, 4.559869399892131, 4.559869399892131, 4.559869399892131, 4.559869399892131, 4.559869399892131, 4.559869399892131, 4.559869399892131],[4.291980286730267, 4.291980286730268, 4.291980286730268, 4.291980286730268, 4.291980286730268, 4.291980286730268, 4.291980286730268, 4.291980286730268, 4.291980286730268, 4.291980286730268, 4.291980286730268],[4.049930366214529, 4.671649791250447, 4.793897265300427, 4.819988288789429, 4.824031514905888, 4.824599254289337, 4.824684488083791, 4.824687530676076, 4.824687869126383, 4.824687873948, 4.824687874266128]
]

L = 8

[
[0.49999999999999994, 0.49999999999999994, 0.49999999999999994, 0.9999999999999999, 0.9999999999999999, 0.9999999999999999, 0.9999999999999999, 0.9999999999999999, 0.9999999999999999, 0.9999999999999999, 0.9999999999999999],[0.5, 1.0, 1.0, 1.5, 2.0, 2.0, 2.0, 2.0, 2.0, 2.0, 2.0],[0.5273755142062793, 1.0273755142062793, 1.0273755142062793, 1.5273755142062793, 1.9023755142062793, 1.9023755142062793, 2.1119069720731005, 2.1119069720731005, 2.1119069720731005, 2.1119069720731005, 2.1119069720731005],[0.75, 1.125, 1.375, 1.875, 2.125, 2.375, 2.625, 3.125, 3.375, 3.625, 3.625],[0.7756290640105021, 1.0711000668589405, 1.3211000668589405, 1.8211000668589405, 2.0711000668589405, 2.2273500668589405, 2.3836000668589405, 2.6961000668589405, 2.8523500668589405, 3.0086000668589405, 4.107161426880707],[0.7227394215838425, 1.34360406991993, 1.7208886349168027, 2.1896386349168027, 2.5021386349168027, 2.9708886349168027, 3.2833886349168027, 3.5646386349168027, 3.845888634916802, 4.033388634916802, 5.044793237872186],[0.5351627815199405, 1.0178262499626738, 1.32695348606131, 1.7632200414820371, 2.036325403190826, 2.4170702273588702, 2.6709001101375662, 3.043369637089236, 3.3246196370892354, 3.5121196370892354, 5.641087600060734],[1.3190941626276618, 2.177919592828837, 2.8841859567593344, 3.4734906991760557, 3.9492270533859335, 4.396553705472179, 4.737209055235003, 5.006877504023535, 5.210778959590617, 5.210778959590618, 5.210778959590618],[1.115800909877264, 1.8353806209851449, 2.3937093676149597, 2.8624593676149597, 3.2940602623335686, 3.6799680374491746, 4.0134301362667175, 4.291362540445584, 4.619487540445584, 4.889887282777451, 5.938953237534138],[1.454139720162555, 2.485644383755794, 3.4032127918944646, 4.211196977076091, 4.893918524114955, 5.415155370182812, 5.84405950653108, 6.120414961314201, 6.120414961314201, 6.120414961314201, 6.120414961314201],[1.054407471507173, 1.8967865699241842, 2.649755816535267, 3.311603031691489, 3.9090819057067536, 4.358871720788673, 4.791848518632213, 5.183406172268972, 5.553677248657386, 5.854801353628084, 6.997832401415711],[2.043420837615898, 3.4547011984872675, 4.496255024577752, 5.287814079440202, 5.929021103729663, 6.355675797038325, 6.683467899892518, 6.88958851009405, 6.91508803877837, 6.91508803877837, 6.915088038778369],[2.1887479542136665, 3.6505965542016963, 4.827383981808503, 5.613394184485839, 6.176270563983274, 6.495116377764472, 6.668921266929754, 6.684322665243586, 6.684322665243588, 6.684322665243586, 6.684322665243588],[3.3712512055269093, 5.390273631717791, 6.425566665445361, 6.892580316657409, 6.908159998493635, 6.908159998493635, 6.908159998493636, 6.908159998493635, 6.908159998493635, 6.908159998493635, 6.908159998493635],[3.820441981196005, 6.197970998601189, 6.283048763969511, 6.283048763969511, 6.283048763969511, 6.283048763969511, 6.28304876396951, 6.283048763969511, 6.283048763969511, 6.283048763969511, 6.283048763969511],[5.345866264720414, 5.345866264720414, 5.345866264720414, 5.345866264720414, 5.345866264720414, 5.345866264720414, 5.345866264720414, 5.345866264720414, 5.345866264720414, 5.345866264720414, 5.345866264720414],[5.607727048686127, 5.717274876794418, 5.727010429040267, 5.727415498833303, 5.727421233874885, 5.727421268775159, 5.727421268880362, 5.727421268880361, 5.727421268880362, 5.727421268880362, 5.727421268880361]
]

L = 9

[
[0.49999999999999994, 0.9999999999999999, 0.9999999999999999, 0.9999999999999999, 0.9999999999999999, 0.9999999999999999, 0.9999999999999999, 0.9999999999999999, 0.9999999999999999, 0.9999999999999999, 0.9999999999999999],[0.5, 1.0, 1.0, 1.5, 2.0, 2.0, 2.0, 2.0, 2.0, 2.0, 2.0],[0.75, 1.125, 1.5, 2.25, 2.625, 3.0, 3.0, 3.0, 3.0, 3.0, 3.0],[0.8278195311147831, 1.2028195311147831, 1.4528195311147831, 1.9528195311147831, 2.202819531114783, 2.452819531114783, 2.702819531114783, 3.202819531114783, 3.452819531114783, 3.452819531114783, 3.452819531114783],[0.9711923846699313, 1.7666633875183697, 2.2666633875183697, 3.0166633875183697, 3.3686895103503307, 3.837439510350331, 3.9899509906900046, 3.9899509906900046, 3.9899509906900046, 3.9899509906900046, 3.9899509906900046],[0.8386485922592164, 1.5211787884771388, 1.9350885540345304, 2.4038385540345306, 2.7163385540345306, 3.1850885540345306, 3.4975885540345306, 3.8413385540345306, 4.122588554034531, 4.310088554034531, 4.734330827510098],[2.018344078254473, 3.0351475922676125, 3.6404105400541535, 3.7430102634636575, 3.743010263463658, 3.743010263463658, 3.743010263463658, 3.743010263463658, 3.743010263463658, 3.743010263463658, 3.743010263463658],[1.36706188957719, 2.253306792975679, 3.0151532834664927, 3.6309844798961475, 4.107581107477222, 4.483462210950592, 4.842329627976328, 5.047759906400862, 5.047759906400862, 5.047759906400862, 5.047759906400862],[2.740524083221267, 4.226582962467799, 4.226582962467799, 4.226582962467799, 4.226582962467799, 4.226582962467799, 4.226582962467799, 4.226582962467799, 4.226582962467799, 4.226582962467799, 4.226582962467799],[2.729684098532814, 4.179140911370844, 4.2768212525031615, 4.2768212525031615, 4.2768212525031615, 4.2768212525031615, 4.2768212525031615, 4.2768212525031615, 4.2768212525031615, 4.2768212525031615, 4.2768212525031615],[4.0894117296949775, 4.675726005264036, 4.675726005264036, 4.675726005264036, 4.675726005264036, 4.675726005264036, 4.675726005264036, 4.675726005264036, 4.675726005264036, 4.675726005264036, 4.675726005264036],[3.536384386058444, 4.997416123288986, 5.064604176816818, 5.064604176816818, 5.064604176816818, 5.064604176816818, 5.064604176816818, 5.064604176816818, 5.064604176816818, 5.064604176816818, 5.064604176816818],[3.6498950453016876, 3.6498950453016876, 3.6498950453016876, 3.6498950453016876, 3.6498950453016876, 3.6498950453016876, 3.6498950453016876, 3.6498950453016876, 3.6498950453016876, 3.6498950453016876, 3.6498950453016876],[4.957824974682321, 5.524510578967734, 5.524510578967734, 5.524510578967734, 5.524510578967734, 5.524510578967734, 5.524510578967734, 5.524510578967734, 5.524510578967734, 5.524510578967734, 5.524510578967734],[5.165534056148733, 5.165534056148733, 5.165534056148733, 5.165534056148733, 5.165534056148733, 5.165534056148733, 5.165534056148733, 5.165534056148733, 5.165534056148733, 5.165534056148733, 5.165534056148733],[5.951338089885867, 5.951338089885867, 5.951338089885867, 5.951338089885867, 5.951338089885867, 5.951338089885867, 5.951338089885867, 5.951338089885867, 5.951338089885867, 5.951338089885867, 5.951338089885867],[4.626551073732156, 4.626551073732156, 4.626551073732156, 4.626551073732156, 4.626551073732156, 4.626551073732156, 4.626551073732156, 4.626551073732156, 4.626551073732156, 4.626551073732156, 4.626551073732156],[5.2305132443380025, 5.2305132443380025, 5.2305132443380025, 5.2305132443380025, 5.2305132443380025, 5.2305132443380025, 5.2305132443380025, 5.2305132443380025, 5.2305132443380025, 5.2305132443380025, 5.2305132443380025],[5.955336527176631, 6.001585291405893, 6.003105848811053, 6.003127556562572, 6.00312762017221, 6.003127620268905, 6.003127620268905, 6.003127620268906, 6.003127620268906, 6.003127620268905, 6.003127620268906]
]

