
L = 4

[
[0.49999999999999994, 0.49999999999999994, 0.49999999999999994, 0.49999999999999994, 0.49999999999999994, 0.49999999999999994, 0.49999999999999994, 0.49999999999999994, 0.49999999999999994, 0.49999999999999994, 0.9999999999999999],[0.49999999999999994, 0.49999999999999994, 0.49999999999999994, 0.49999999999999994, 0.49999999999999994, 0.49999999999999994, 1.0, 1.0, 1.0, 1.0, 1.5],[0.49999999999999994, 0.49999999999999994, 0.49999999999999994, 0.49999999999999994, 0.49999999999999994, 0.49999999999999994, 1.0, 1.0, 1.0, 1.0, 1.5],[0.5, 0.5, 0.5, 1.0, 1.0, 1.0, 1.5, 1.5, 1.5, 2.0, 2.0],[0.5, 0.5, 0.5, 1.0, 1.0, 1.0, 1.5, 1.5, 1.5, 2.0, 2.0],[0.4999999999999999, 0.9999999999999999, 0.9999999999999999, 1.5, 1.5, 1.5, 1.5, 1.5, 1.5, 1.5, 1.5],[0.5, 1.0, 1.0, 1.5, 2.0, 2.0, 2.0, 2.0, 2.0, 2.0, 2.0],[1.0, 1.5, 1.5, 1.5, 1.5, 1.5, 1.5, 1.5, 1.5, 1.5, 1.5],[1.0, 1.5, 1.5, 1.5, 1.5, 1.5, 1.5, 1.5, 1.5, 1.5, 1.5]
]

L = 5

[
[0.49999999999999994, 0.49999999999999994, 0.49999999999999994, 0.49999999999999994, 0.49999999999999994, 0.49999999999999994, 0.9999999999999999, 0.9999999999999999, 0.9999999999999999, 0.9999999999999999, 0.9999999999999999],[0.49999999999999994, 0.49999999999999994, 0.49999999999999994, 0.49999999999999994, 0.49999999999999994, 0.49999999999999994, 0.9999999999999999, 0.9999999999999999, 0.9999999999999999, 0.9999999999999999, 0.9999999999999999],[0.49999999999999994, 0.49999999999999994, 0.49999999999999994, 0.9999999999999999, 0.9999999999999999, 0.9999999999999999, 0.9999999999999999, 0.9999999999999999, 0.9999999999999999, 0.9999999999999999, 0.9999999999999999],[-0.0, -0.0, -0.0, -0.0, -0.0, -0.0, -0.0, -0.0, -0.0, -0.0, -0.0],[0.49999999999999994, 1.0, 1.0, 1.0, 1.0, 1.0, 1.0, 1.0, 1.0, 1.0, 1.0],[0.49999999999999994, 1.0, 1.0, 1.0, 1.0, 1.0, 1.0, 1.0, 1.0, 1.0, 1.0],[0.9999999999999998, 0.9999999999999998, 0.9999999999999998, 0.9999999999999998, 0.9999999999999998, 0.9999999999999998, 0.9999999999999998, 0.9999999999999998, 0.9999999999999998, 0.9999999999999998, 0.9999999999999998],[1.0, 1.0, 1.0, 1.0, 1.0, 1.0, 1.0, 1.0, 1.0, 1.0, 1.0],[0.9999999999999999, 0.9999999999999999, 0.9999999999999999, 0.9999999999999999, 0.9999999999999999, 0.9999999999999999, 0.9999999999999999, 0.9999999999999999, 0.9999999999999999, 0.9999999999999999, 0.9999999999999999],[-6.406853007629837e-16, -6.406853007629837e-16, -6.406853007629837e-16, -6.406853007629837e-16, -6.406853007629837e-16, -6.406853007629837e-16, -6.406853007629837e-16, -6.406853007629837e-16, -6.406853007629837e-16, -6.406853007629837e-16, -6.406853007629837e-16],[0.9999999999999999, 0.9999999999999999, 0.9999999999999999, 0.9999999999999999, 0.9999999999999999, 0.9999999999999999, 0.9999999999999999, 0.9999999999999999, 0.9999999999999999, 0.9999999999999999, 0.9999999999999999]
]

L = 6

[
[-6.406853007629837e-16, -6.406853007629837e-16, -6.406853007629837e-16, -6.406853007629837e-16, -6.406853007629837e-16, -6.406853007629837e-16, -6.406853007629837e-16, -6.406853007629837e-16, -6.406853007629837e-16, -6.406853007629837e-16, -6.406853007629837e-16],[0.49999999999999994, 0.49999999999999994, 0.49999999999999994, 1.0, 1.0, 1.0, 1.5, 1.5, 1.5, 1.5, 1.5],[0.5, 0.5, 0.5, 1.0, 1.0, 1.0, 1.375, 1.375, 1.375, 1.75, 2.5],[0.4528195311147832, 0.8278195311147831, 0.8278195311147831, 1.2028195311147831, 1.5778195311147831, 1.5778195311147831, 1.9528195311147831, 2.202819531114783, 2.202819531114783, 2.452819531114783, 3.202819531114783],[0.45281953111478324, 0.8278195311147832, 0.8278195311147832, 1.2028195311147831, 1.5229792966721747, 1.5229792966721747, 1.8431390622295662, 2.163298827786958, 2.163298827786958, 2.4834585933443494, 3.1237781244591325],[0.7768911279248985, 1.1518911279248985, 1.5268911279248985, 2.1672106590396814, 2.3741655418183774, 2.581120424597073, 2.7880753073757685, 3.1005753073757685, 3.247652854785476, 3.341402854785476, 3.6226528547854766],[0.6693553209573413, 0.9895150865147329, 1.3096748520721244, 1.8470242196590494, 2.0970242196590494, 2.3263094973590244, 2.5332643801377204, 2.922956446709879, 3.079206446709879, 3.235456446709879, 4.073308888099227],[0.8565323796171205, 1.5288492849692594, 1.9478190288755872, 2.5686836772116743, 2.935682412519904, 3.375905190219879, 3.640891696703131, 4.021636520871175, 4.35550836690604, 4.455601480405514, 4.555001336723724],[0.9702596935522375, 1.8132778546421517, 2.266426486720225, 2.8783862967349276, 3.2435880815925353, 3.728962884184048, 3.9678355944286245, 4.10383163439325, 4.10383163439325, 4.10383163439325, 4.10383163439325],[1.7388307189123289, 2.886158902883646, 3.722981444608036, 4.144405306560531, 4.144405306560532, 4.144405306560532, 4.144405306560532, 4.144405306560532, 4.144405306560532, 4.144405306560532, 4.144405306560532],[1.5974427736332075, 2.5636133717501948, 3.381442494921855, 3.9571310764942838, 4.4223229741954695, 4.579624526929544, 4.579624526929545, 4.579624526929545, 4.579624526929545, 4.579624526929545, 4.579624526929545],[2.6578828604102753, 3.9795080331216437, 4.5590953182746, 4.559095318274599, 4.559095318274599, 4.559095318274599, 4.559095318274599, 4.559095318274599, 4.559095318274599, 4.559095318274599, 4.559095318274599],[2.739896175298657, 4.198495824015976, 4.3203040358726374, 4.3609801525264364, 4.37938166229265, 4.385614337556279, 4.387241924956237, 4.3877156631441, 4.3878521710863945, 4.387863938598692, 4.387864512194608]
]

L = 7

[
[0.49999999999999994, 0.49999999999999994, 0.49999999999999994, 0.9999999999999999, 0.9999999999999999, 0.9999999999999999, 0.9999999999999999, 0.9999999999999999, 0.9999999999999999, 0.9999999999999999, 0.9999999999999999],[0.5, 0.5, 0.5, 1.0, 1.0, 1.0, 1.5, 1.5, 1.5, 2.0, 2.0],[0.5, 1.0, 1.0, 1.375, 1.75, 1.75, 2.125, 2.5, 2.5, 2.5, 2.5],[0.5306390622295664, 0.9834585933443496, 0.9834585933443496, 1.3584585933443496, 1.7334585933443496, 1.7334585933443496, 2.1084585933443494, 2.3584585933443494, 2.3584585933443494, 2.3584585933443494, 2.3584585933443494],[0.75, 1.0, 1.25, 1.75, 2.0, 2.25, 2.5, 3.0, 3.25, 3.40625, 3.875],[0.6403195311147831, 0.927668898701708, 1.2150182662886329, 1.7523676338755576, 2.002367633875558, 2.252367633875558, 2.502367633875558, 2.91627739943295, 3.123232282211646, 3.330187164990342, 3.951051813326428],[1.0631272525906086, 1.8131272525906086, 2.249367413069279, 2.8469463556159678, 3.1859335394094304, 3.6253484807987784, 3.8791783635774744, 4.053950772708471, 4.05395077270847, 4.05395077270847, 4.05395077270847],[0.7898844108543309, 1.4464512616107883, 1.8603610271681803, 2.481225675504268, 2.857987882451007, 3.340295206619051, 3.6296664258210187, 4.010411249989063, 4.32482619137841, 4.476258152242921, 4.649359379924135],[1.748952470899597, 2.797842420568356, 3.646879041408574, 4.163984596279736, 4.163984596279736, 4.163984596279736, 4.163984596279736, 4.163984596279736, 4.163984596279736, 4.163984596279736, 4.163984596279736],[1.4867357537102983, 2.6399339815540426, 3.6074012390846777, 4.286630535756853, 4.286630535756853, 4.286630535756853, 4.286630535756853, 4.286630535756853, 4.286630535756853, 4.286630535756853, 4.286630535756853],[2.426899184537345, 3.910131627746152, 4.656597163852829, 4.656597163852828, 4.656597163852828, 4.656597163852828, 4.656597163852828, 4.656597163852828, 4.656597163852828, 4.656597163852828, 4.656597163852828],[2.846713389552023, 4.157998041298507, 4.157998041298507, 4.157998041298507, 4.157998041298507, 4.157998041298507, 4.157998041298507, 4.157998041298507, 4.157998041298507, 4.157998041298507, 4.157998041298507],[4.167340582948184, 4.167340582948183, 4.167340582948183, 4.167340582948183, 4.167340582948183, 4.167340582948183, 4.167340582948183, 4.167340582948183, 4.167340582948183, 4.167340582948183, 4.167340582948183],[4.16021821865482, 4.16021821865482, 4.16021821865482, 4.16021821865482, 4.16021821865482, 4.16021821865482, 4.16021821865482, 4.16021821865482, 4.16021821865482, 4.16021821865482, 4.16021821865482],[3.4145850224378163, 4.849397471140925, 5.25286463713962, 5.386271911528968, 5.424890847204165, 5.438026211366705, 5.441263919199351, 5.442005892619124, 5.4421078810385035, 5.4421125203348515, 5.442113007055235]
]

L = 8

[
[0.49999999999999994, 0.49999999999999994, 0.49999999999999994, 0.9999999999999999, 0.9999999999999999, 0.9999999999999999, 0.9999999999999999, 0.9999999999999999, 0.9999999999999999, 0.9999999999999999, 0.9999999999999999],[0.49999999999999994, 0.9999999999999999, 0.9999999999999999, 0.9999999999999999, 0.9999999999999999, 0.9999999999999999, 0.9999999999999999, 0.9999999999999999, 0.9999999999999999, 0.9999999999999999, 0.9999999999999999],[0.5, 0.875, 0.875, 1.25, 1.625, 1.625, 2.0, 2.375, 2.375, 2.75, 2.75],[0.75, 1.125, 1.375, 1.875, 2.125, 2.375, 2.625, 3.125, 3.375, 3.625, 3.625],[0.5454710028484384, 0.7954710028484384, 1.0454710028484384, 1.5454710028484384, 1.7954710028484384, 1.9517210028484384, 2.1079710028484384, 2.4204710028484384, 2.5767210028484384, 2.7329710028484384, 4.527976743018275],[0.8289060416480075, 1.51143623786593, 1.8563285203643665, 2.3250785203643667, 2.6375785203643667, 2.9813285203643662, 3.1688285203643662, 3.4500785203643662, 3.7313285203643662, 3.9188285203643662, 4.97144639148476],[0.5166963292581692, 0.9562405136355815, 1.2403606258048403, 1.6538989595646922, 1.9077288423433882, 2.267650582440307, 2.49719964601296, 2.799474177799287, 3.0807241777992873, 3.2682241777992873, 5.853222120795365],[0.9970570743610178, 1.7036996235602928, 2.3071131071267086, 2.842227014124264, 3.310977014124264, 3.7231912105786913, 4.070462830257969, 4.353165272854852, 4.681290272854852, 4.954727772854852, 5.920507072997619],[1.0267803263599862, 1.7109247135356038, 2.30975746805941, 2.839227501219446, 3.3131527816593045, 3.73838046529145, 4.114261568764821, 4.478411813879333, 4.816845698296981, 5.090283198296982, 5.891733214153337],[1.426496758420372, 2.406047937338619, 3.196393158800518, 3.826693706036326, 4.404589098441816, 4.857711969583276, 5.291209519811913, 5.618512339567516, 5.892879202311775, 6.136871220903792, 6.5441158542927615],[1.4524447833894418, 2.415212080243046, 3.238246318050188, 3.95430769537817, 4.597634631624269, 5.062703977894481, 5.450512577422784, 5.748588490025676, 6.018403380642943, 6.216944661849772, 6.4160106226262],[2.5691817831490513, 4.0284956763250825, 5.039228139479814, 5.666853862344112, 6.090401104306509, 6.32246940704439, 6.408288350204036, 6.408288350204036, 6.408288350204036, 6.408288350204036, 6.408288350204036],[1.8271652367910942, 3.1581682886790445, 4.313218793640821, 5.211972909750161, 5.888980835177807, 6.405436215302491, 6.777641500719347, 6.994186126248528, 7.0216972368618835, 7.021697236861883, 7.021697236861883],[3.1749522341704766, 5.32451296654582, 6.519814977727865, 6.946991465761947, 6.971521708896128, 6.971521708896128, 6.971521708896127, 6.971521708896128, 6.971521708896128, 6.971521708896128, 6.9715217088961285],[3.278992956907729, 5.100085598714172, 6.33350925199052, 6.970685123470874, 7.004433303346524, 7.0044333033465245, 7.004433303346523, 7.004433303346524, 7.004433303346524, 7.004433303346524, 7.004433303346524],[5.519871479068505, 6.732044045709944, 6.732044045709944, 6.732044045709944, 6.732044045709944, 6.732044045709944, 6.732044045709945, 6.732044045709944, 6.732044045709945, 6.732044045709944, 6.732044045709945],[5.574000426273716, 6.509995970019698, 6.571078342412176, 6.577819410050417, 6.578241665713246, 6.578261831915143, 6.57826257567655, 6.578262601657787, 6.57826260217394, 6.578262602181951, 6.578262602181951]
]

L = 9

[
[0.49999999999999994, 0.9999999999999999, 0.9999999999999999, 0.9999999999999999, 0.9999999999999999, 0.9999999999999999, 0.9999999999999999, 0.9999999999999999, 0.9999999999999999, 0.9999999999999999, 0.9999999999999999],[0.5, 1.0, 1.0, 1.5, 2.0, 2.0, 2.0, 2.0, 2.0, 2.0, 2.0],[0.75, 1.125, 1.5, 2.25, 2.625, 3.0, 3.0, 3.0, 3.0, 3.0, 3.0],[0.8023148814000083, 1.0523148814000083, 1.3023148814000083, 1.8023148814000083, 2.052314881400008, 2.302314881400008, 2.552314881400008, 3.052314881400008, 3.302314881400008, 3.552314881400008, 3.6809534860365503],[1.0507213818214933, 1.8007213818214933, 2.3007213818214933, 2.9027475046534543, 3.2152475046534543, 3.6839975046534543, 3.9964975046534543, 3.9964975046534543, 3.9964975046534543, 3.9964975046534543, 3.9964975046534543],[0.9678182561414804, 1.751562767290921, 2.251562767290921, 2.850780266225001, 3.163280266225001, 3.605920117017863, 3.819387786101415, 4.100637786101415, 4.235054750200323, 4.254038230240123, 4.254038230240122],[1.4215494733501655, 2.2630454971276426, 3.044295497127643, 3.6349695883075968, 4.103719588307596, 4.550707722645578, 4.8286309583297, 4.979463342557214, 4.979463342557214, 4.979463342557214, 4.979463342557214],[1.4864276787389024, 2.374253878455377, 3.1412402673053643, 3.833575575420328, 4.418970241485102, 4.717212638150775, 4.717212638150775, 4.717212638150775, 4.717212638150775, 4.717212638150775, 4.717212638150775],[1.865110439720931, 3.167537512732664, 4.149621792930927, 4.893879979336411, 5.359970438697045, 5.555470720818885, 5.555470720818884, 5.555470720818884, 5.555470720818884, 5.555470720818884, 5.555470720818884],[1.5913805402330374, 2.8264812069642793, 3.901377140881092, 4.765789128037885, 5.381952168427785, 5.678812460622635, 5.761584602799299, 5.761584602799299, 5.761584602799299, 5.761584602799299, 5.761584602799299],[3.303670168930453, 3.303670168930453, 3.303670168930453, 3.303670168930453, 3.303670168930453, 3.303670168930453, 3.303670168930453, 3.303670168930453, 3.303670168930453, 3.303670168930453, 3.303670168930453],[2.985712351598947, 4.966673073197864, 5.555606019982847, 5.555606019982847, 5.555606019982847, 5.555606019982847, 5.555606019982847, 5.555606019982847, 5.555606019982847, 5.555606019982847, 5.555606019982847],[4.906225566391676, 4.906225566391676, 4.906225566391676, 4.906225566391676, 4.906225566391676, 4.906225566391676, 4.906225566391676, 4.906225566391676, 4.906225566391676, 4.906225566391676, 4.906225566391676],[4.642310929165882, 4.642310929165882, 4.642310929165882, 4.642310929165882, 4.642310929165882, 4.642310929165882, 4.642310929165882, 4.642310929165882, 4.642310929165882, 4.642310929165882, 4.642310929165882],[4.240049651553437, 4.240049651553437, 4.240049651553437, 4.240049651553437, 4.240049651553437, 4.240049651553437, 4.240049651553437, 4.240049651553437, 4.240049651553437, 4.240049651553437, 4.240049651553437],[5.246925200572303, 5.246925200572303, 5.246925200572303, 5.246925200572303, 5.246925200572303, 5.246925200572303, 5.246925200572303, 5.246925200572303, 5.246925200572303, 5.246925200572303, 5.246925200572303],[5.911060209577091, 5.911060209577091, 5.911060209577091, 5.911060209577091, 5.911060209577091, 5.911060209577091, 5.911060209577091, 5.911060209577091, 5.911060209577091, 5.911060209577091, 5.911060209577091],[5.653325575556209, 5.653325575556209, 5.653325575556209, 5.653325575556209, 5.653325575556209, 5.653325575556209, 5.653325575556209, 5.653325575556209, 5.653325575556209, 5.653325575556209, 5.653325575556209],[6.023752367232851, 6.050423239143062, 6.050570712709048, 6.050570720745517, 6.050570720745517, 6.050570720745517, 6.050570720745517, 6.050570720745517, 6.050570720745516, 6.050570720745517, 6.050570720745518]
]

L = 4

[
[0.49999999999999994, 0.49999999999999994, 0.49999999999999994, 0.49999999999999994, 0.49999999999999994, 0.49999999999999994, 0.49999999999999994, 0.49999999999999994, 0.49999999999999994, 0.49999999999999994, 0.9999999999999999],[0.49999999999999994, 0.49999999999999994, 0.49999999999999994, 0.49999999999999994, 0.49999999999999994, 0.49999999999999994, 1.0, 1.0, 1.0, 1.0, 1.5],[0.49999999999999994, 0.49999999999999994, 0.49999999999999994, 0.49999999999999994, 0.49999999999999994, 0.49999999999999994, 1.0, 1.0, 1.0, 1.0, 1.5],[0.5, 0.5, 0.5, 1.0, 1.0, 1.0, 1.5, 1.5, 1.5, 2.0, 2.0],[0.49999999999999994, 0.49999999999999994, 0.49999999999999994, 1.0, 1.0, 1.0, 1.5, 1.5, 1.5, 1.5, 1.5],[0.49999999999999994, 1.0, 1.0, 1.5, 1.5, 1.5, 1.5, 1.5, 1.5, 1.5, 1.5],[0.4999999999999999, 0.9999999999999999, 0.9999999999999999, 1.5, 1.5, 1.5, 1.5, 1.5, 1.5, 1.5, 1.5],[1.0, 1.5, 1.5, 1.5, 1.5, 1.5, 1.5, 1.5, 1.5, 1.5, 1.5],[1.0000000000000002, 1.5000000000000002, 1.5000000000000002, 1.5000000000000002, 1.5000000000000002, 1.5000000000000002, 1.5000000000000002, 1.5000000000000002, 1.5000000000000002, 1.5000000000000002, 1.5000000000000002]
]

L = 5

[
[0.49999999999999994, 0.49999999999999994, 0.49999999999999994, 0.49999999999999994, 0.49999999999999994, 0.49999999999999994, 0.9999999999999999, 0.9999999999999999, 0.9999999999999999, 0.9999999999999999, 0.9999999999999999],[0.49999999999999994, 0.49999999999999994, 0.49999999999999994, 0.49999999999999994, 0.49999999999999994, 0.49999999999999994, 0.9999999999999999, 0.9999999999999999, 0.9999999999999999, 0.9999999999999999, 0.9999999999999999],[0.49999999999999994, 0.49999999999999994, 0.49999999999999994, 0.9999999999999999, 0.9999999999999999, 0.9999999999999999, 0.9999999999999999, 0.9999999999999999, 0.9999999999999999, 0.9999999999999999, 0.9999999999999999],[0.49999999999999994, 0.49999999999999994, 0.49999999999999994, 0.9999999999999999, 0.9999999999999999, 0.9999999999999999, 0.9999999999999999, 0.9999999999999999, 0.9999999999999999, 0.9999999999999999, 0.9999999999999999],[0.4999999999999999, 0.9999999999999998, 0.9999999999999998, 0.9999999999999998, 0.9999999999999998, 0.9999999999999998, 0.9999999999999998, 0.9999999999999998, 0.9999999999999998, 0.9999999999999998, 0.9999999999999998],[0.49999999999999994, 0.9999999999999999, 0.9999999999999999, 0.9999999999999999, 0.9999999999999999, 0.9999999999999999, 0.9999999999999999, 0.9999999999999999, 0.9999999999999999, 0.9999999999999999, 0.9999999999999999],[1.0, 1.0, 1.0, 1.0, 1.0, 1.0, 1.0, 1.0, 1.0, 1.0, 1.0],[1.0, 1.0, 1.0, 1.0, 1.0, 1.0, 1.0, 1.0, 1.0, 1.0, 1.0],[0.9999999999999998, 0.9999999999999998, 0.9999999999999998, 0.9999999999999998, 0.9999999999999998, 0.9999999999999998, 0.9999999999999998, 0.9999999999999998, 0.9999999999999998, 0.9999999999999998, 0.9999999999999998],[1.0, 1.0, 1.0, 1.0, 1.0, 1.0, 1.0, 1.0, 1.0, 1.0, 1.0],[-0.0, -0.0, -0.0, -0.0, -0.0, -0.0, -0.0, -0.0, -0.0, -0.0, -0.0]
]

L = 6

[
[0.49999999999999994, 0.49999999999999994, 0.49999999999999994, 0.49999999999999994, 0.49999999999999994, 0.49999999999999994, 0.9999999999999999, 0.9999999999999999, 0.9999999999999999, 0.9999999999999999, 0.9999999999999999],[0.5, 0.5, 0.5, 1.0, 1.0, 1.0, 1.5, 1.5, 1.5, 2.0, 2.0],[0.5, 0.5, 0.5, 1.0, 1.0, 1.0, 1.375, 1.375, 1.375, 1.75, 2.5],[0.4273148814000081, 0.8023148814000081, 0.8023148814000081, 1.177314881400008, 1.552314881400008, 1.552314881400008, 1.927314881400008, 2.177314881400008, 2.177314881400008, 2.427314881400008, 3.3059534860365503],[0.375, 0.75, 0.75, 1.0, 1.25, 1.25, 1.5, 1.75, 1.75, 2.0, 3.875],[0.5909420056968766, 0.8864130085453149, 1.1737623761322395, 1.6953511708376285, 1.8516011708376285, 2.007851170837629, 2.164101170837629, 2.476601170837629, 2.632851170837629, 2.789101170837629, 4.598371938572965],[0.7421012790218108, 1.042605250126151, 1.292605250126151, 1.762575988016682, 1.9695308707953778, 2.176485753574074, 2.3610319175623022, 2.700019101355765, 2.856269101355765, 3.012519101355765, 4.2256625775543215],[0.9115896409457238, 1.7137616470026606, 2.206594395612846, 2.860334790333801, 3.222680269915071, 3.697990144944203, 3.951820027722899, 4.167374976284102, 4.167374976284102, 4.167374976284102, 4.167374976284102],[0.8259536642590998, 1.6051581331466367, 2.074274040010175, 2.756707949788223, 3.152649813273259, 3.661444321234765, 3.9669065108165467, 4.243033641787676, 4.243033641787676, 4.243033641787676, 4.243033641787676],[1.3655203793220843, 2.336963982722207, 3.1064358585537706, 3.7637262193533756, 4.301174186311781, 4.695339380664702, 4.895316144382038, 4.895316144382038, 4.895316144382038, 4.895316144382038, 4.895316144382038],[1.7208558254387063, 2.837748994818816, 3.7443898746030535, 4.140919775987371, 4.140919775987371, 4.140919775987371, 4.140919775987371, 4.140919775987371, 4.140919775987371, 4.140919775987371, 4.140919775987371],[2.6578828604102758, 3.9795080331216437, 4.5590953182746, 4.5590953182746, 4.5590953182746, 4.5590953182746, 4.5590953182746, 4.5590953182746, 4.5590953182746, 4.5590953182746, 4.5590953182746],[2.4931943050329597, 3.714603991500373, 4.427748393745658, 4.7067576251582395, 4.889501853601739, 4.967865513949487, 5.008031423370237, 5.027760323206843, 5.038411388262844, 5.041779946949286, 5.043697569987191]
]

L = 7

[
[0.49999999999999994, 0.49999999999999994, 0.49999999999999994, 0.9999999999999999, 0.9999999999999999, 0.9999999999999999, 0.9999999999999999, 0.9999999999999999, 0.9999999999999999, 0.9999999999999999, 0.9999999999999999],[0.5, 0.5, 0.5, 1.0, 1.0, 1.0, 1.5, 1.5, 1.5, 2.0, 2.0],[0.5, 1.0, 1.0, 1.5, 1.875, 1.875, 2.25, 2.25, 2.25, 2.25, 2.25],[0.4849961082313346, 0.8599961082313345, 0.8599961082313345, 1.2349961082313345, 1.6099961082313345, 1.6099961082313345, 1.9849961082313345, 2.3599961082313343, 2.3599961082313343, 2.6651754781921246, 2.9151754781921246],[0.9528195311147833, 1.4056390622295667, 1.8584585933443498, 2.311278124459133, 2.311278124459133, 2.311278124459133, 2.311278124459133, 2.311278124459133, 2.311278124459133, 2.311278124459133, 2.311278124459133],[0.6403195311147832, 0.9604792966721748, 1.2104792966721747, 1.7104792966721747, 1.9604792966721747, 2.2104792966721747, 2.4604792966721747, 2.8236841794508702, 2.9799341794508702, 3.1361841794508702, 4.16743417945087],[0.8587640622295666, 1.6666705072378287, 2.2052748039100036, 2.9122296866886996, 3.3261394522460916, 3.7362193350247868, 3.9900492178034828, 4.116964159192831, 4.116964159192831, 4.116964159192831, 4.116964159192831],[0.9120451883827514, 1.746592196467606, 2.2451796225036684, 2.8883746657610354, 3.3022844313184274, 3.728243597868388, 3.982073480647084, 4.108988422036432, 4.1089884220364326, 4.1089884220364326, 4.1089884220364326],[1.7492000844553695, 2.8909825537487985, 3.715997003719325, 4.104386034279595, 4.104386034279595, 4.104386034279595, 4.104386034279595, 4.104386034279595, 4.104386034279595, 4.104386034279595, 4.104386034279595],[1.6414245416919098, 2.7786214600469763, 3.679498460210138, 4.2252413843242245, 4.2252413843242245, 4.2252413843242245, 4.2252413843242245, 4.2252413843242245, 4.2252413843242245, 4.2252413843242245, 4.2252413843242245],[2.3926805555930635, 3.6382107064865354, 4.564582679903959, 4.8387531928586895, 4.8387531928586895, 4.8387531928586895, 4.8387531928586895, 4.8387531928586895, 4.8387531928586895, 4.8387531928586895, 4.8387531928586895],[2.6425491344639385, 4.2759084398083, 4.275908439808299, 4.275908439808299, 4.275908439808299, 4.275908439808299, 4.275908439808299, 4.275908439808299, 4.275908439808299, 4.275908439808299, 4.275908439808299],[4.0369917221009, 4.6368526018372584, 4.6368526018372584, 4.6368526018372584, 4.6368526018372584, 4.6368526018372584, 4.6368526018372584, 4.6368526018372584, 4.6368526018372584, 4.6368526018372584, 4.6368526018372584],[4.160487893955795, 4.160487893955796, 4.160487893955796, 4.160487893955796, 4.160487893955796, 4.160487893955796, 4.160487893955796, 4.160487893955796, 4.160487893955796, 4.160487893955796, 4.160487893955796],[3.4162832077758676, 4.851480772891008, 5.257220425182825, 5.389097084633657, 5.426940983382958, 5.433575978217916, 5.434461420143331, 5.43456961814035, 5.434571570126872, 5.434571577297921, 5.4345715773288985]
]

L = 8

[
[-0.0, -0.0, -0.0, -0.0, -0.0, -0.0, -0.0, -0.0, -0.0, -0.0, -0.0],[0.5, 1.0, 1.0, 1.5, 2.0, 2.0, 2.0, 2.0, 2.0, 2.0, 2.0],[0.5242724216239032, 1.0242724216239032, 1.0242724216239032, 1.3992724216239032, 1.7742724216239032, 1.7742724216239032, 2.050438018346428, 2.050438018346428, 2.050438018346428, 2.050438018346428, 2.050438018346428],[0.625, 0.875, 1.125, 1.625, 1.875, 2.125, 2.375, 2.875, 3.125, 3.375, 3.875],[0.6403195311147832, 0.9604792966721748, 1.2104792966721747, 1.7104792966721747, 1.9604792966721747, 2.2104792966721747, 2.4604792966721747, 2.7729792966721747, 2.9292292966721747, 3.0854792966721747, 4.179229296672174],[0.7300484319914957, 1.350913080327583, 1.7281976453244554, 2.1969476453244554, 2.5094476453244554, 2.978197645324456, 3.290697645324456, 3.671001296702137, 3.9522512967021366, 4.139751296702137, 4.981024060211277],[0.5298732970842044, 0.9870909677910917, 1.2779353380715768, 1.6824284064104715, 1.9214265193915931, 2.2542821510087627, 2.4485843463969394, 2.7298343463969394, 3.01108434639694, 3.19858434639694, 6.019822631837224],[1.081619766677868, 1.79762581376807, 2.446180325579424, 3.031857450592276, 3.522511892254931, 3.9698966358866237, 4.345777739359995, 4.669634901275827, 4.997759901275827, 5.271034815722596, 5.723079694600518],[0.9620303021106736, 1.6054034147637388, 2.2298141800010187, 2.7532540018643235, 3.222004001864323, 3.690754001864323, 4.076037875031297, 4.450079030093009, 4.816463284106812, 5.089900784106812, 5.92123455201285],[1.380577212223753, 2.2936249091182623, 3.0768581309261447, 3.764030596933282, 4.4284013556443, 4.940095314622349, 5.3358151469672, 5.6531692448376685, 5.961398616715685, 6.1847302638508435, 6.572714001096147],[1.6155642405060135, 2.738587605831484, 3.6414922782187094, 4.370302117180321, 4.971775720609553, 5.4112131578392715, 5.704594095064768, 5.8909411120746515, 6.036658697426202, 6.081576928697604, 6.081576928697604],[2.7097195640208684, 4.3699701477160415, 5.4564237553193, 5.9957316632598125, 6.021337274715194, 6.021337274715194, 6.021337274715194, 6.021337274715193, 6.021337274715194, 6.021337274715194, 6.021337274715194],[2.1511919488845015, 3.659526724785061, 4.8723839020485125, 5.611600383311534, 6.188579184420899, 6.533862466252464, 6.640840725428444, 6.640840725428444, 6.640840725428443, 6.640840725428443, 6.640840725428444],[5.241116688570345, 5.2974916541512975, 5.2974916541512975, 5.2974916541512975, 5.2974916541512975, 5.2974916541512975, 5.2974916541512975, 5.2974916541512975, 5.2974916541512975, 5.2974916541512975, 5.2974916541512975],[4.038981700633988, 6.145388296216042, 6.202387263174019, 6.202387263174019, 6.202387263174019, 6.202387263174019, 6.202387263174019, 6.202387263174019, 6.202387263174019, 6.202387263174019, 6.202387263174019],[5.421595034923844, 6.883503015886459, 6.883503015886459, 6.883503015886459, 6.883503015886459, 6.883503015886459, 6.88350301588646, 6.883503015886459, 6.88350301588646, 6.883503015886459, 6.88350301588646],[5.327302972919177, 6.910812799246726, 6.98427210382328, 6.9947353584657055, 6.9954036843482745, 6.9954146299741256, 6.995414671948161, 6.99541467205539, 6.995414672055515, 6.995414672055515, 6.995414672055515]
]

L = 9

[
[0.49999999999999994, 0.9999999999999999, 0.9999999999999999, 0.9999999999999999, 0.9999999999999999, 0.9999999999999999, 0.9999999999999999, 0.9999999999999999, 0.9999999999999999, 0.9999999999999999, 0.9999999999999999],[0.5, 1.0, 1.0, 1.5, 2.0, 2.0, 2.0, 2.0, 2.0, 2.0, 2.0],[0.75, 1.125, 1.5, 2.25, 2.625, 3.0, 3.0, 3.0, 3.0, 3.0, 3.0],[0.75, 1.125, 1.5, 2.0, 2.25, 2.5, 2.75, 3.25, 3.5, 3.5, 3.5],[0.9847759841690773, 1.945255280841252, 2.5154150463986436, 3.0779150463986436, 3.3904150463986436, 3.8085680979309564, 3.8085680979309564, 3.8085680979309564, 3.8085680979309564, 3.8085680979309564, 3.8085680979309564],[0.9604792966721749, 1.710479296672175, 2.210479296672175, 2.874389062229567, 3.237593945008263, 3.706343945008262, 3.956343945008262, 4.143843945008262, 4.143843945008262, 4.143843945008262, 4.143843945008262],[1.0808597954063026, 1.8621097954063026, 2.529529082487419, 3.011265678649637, 3.480015678649637, 3.948765678649637, 4.417515678649638, 4.886265678649638, 5.241181776737374, 5.4950241946285265, 5.528487558740362],[1.8008772946236054, 2.917708140624438, 3.5824257424924566, 4.1168443901972696, 4.116844390197269, 4.116844390197269, 4.116844390197269, 4.116844390197269, 4.116844390197269, 4.116844390197269, 4.116844390197269],[1.7585970513687945, 2.9572270491779444, 3.7713199977172485, 4.523082204663989, 5.256825734874043, 5.691300588347413, 5.748096858828145, 5.748096858828145, 5.748096858828145, 5.748096858828145, 5.748096858828145],[1.8002911000130175, 3.099604335984791, 4.178393643487742, 4.983157988124165, 5.465629115604831, 5.512857484470113, 5.512857484470113, 5.512857484470113, 5.512857484470113, 5.512857484470113, 5.512857484470113],[3.552756387104309, 5.070113890729743, 5.070113890729743, 5.070113890729743, 5.070113890729743, 5.070113890729743, 5.070113890729743, 5.070113890729743, 5.070113890729743, 5.070113890729743, 5.070113890729743],[3.525133581388269, 5.070859672920204, 5.070859672920204, 5.070859672920204, 5.070859672920204, 5.070859672920204, 5.070859672920204, 5.070859672920204, 5.070859672920204, 5.070859672920204, 5.070859672920204],[5.093610178359066, 5.250524776411156, 5.250524776411156, 5.250524776411156, 5.250524776411156, 5.250524776411156, 5.250524776411156, 5.250524776411156, 5.250524776411156, 5.250524776411156, 5.250524776411156],[5.094947788500846, 5.153685880673454, 5.153685880673454, 5.153685880673454, 5.153685880673454, 5.153685880673454, 5.153685880673454, 5.153685880673454, 5.153685880673454, 5.153685880673454, 5.153685880673454],[4.2745319253485, 4.2745319253485, 4.2745319253485, 4.2745319253485, 4.2745319253485, 4.2745319253485, 4.2745319253485, 4.2745319253485, 4.2745319253485, 4.2745319253485, 4.2745319253485],[4.273653521818356, 4.273653521818356, 4.273653521818356, 4.273653521818356, 4.273653521818356, 4.273653521818356, 4.273653521818356, 4.273653521818356, 4.273653521818356, 4.273653521818356, 4.273653521818356],[3.7604136715439824, 3.7604136715439824, 3.7604136715439824, 3.7604136715439824, 3.7604136715439824, 3.7604136715439824, 3.7604136715439824, 3.7604136715439824, 3.7604136715439824, 3.7604136715439824, 3.7604136715439824],[3.3219274928849467, 3.3219274928849467, 3.3219274928849467, 3.3219274928849467, 3.3219274928849467, 3.3219274928849467, 3.3219274928849467, 3.3219274928849467, 3.3219274928849467, 3.3219274928849467, 3.3219274928849467],[3.8014720219699765, 3.8014720219699765, 3.8014720219699765, 3.8014720219699765, 3.8014720219699756, 3.8014720219699765, 3.801472021969976, 3.8014720219699765, 3.801472021969976, 3.8014720219699756, 3.8014720219699765]
]

