
L = 4

[
[-6.406853007629837e-16, -6.406853007629837e-16, -6.406853007629837e-16, -6.406853007629837e-16, -6.406853007629837e-16, -6.406853007629837e-16, -6.406853007629837e-16, -6.406853007629837e-16, -6.406853007629837e-16, -6.406853007629837e-16, -6.406853007629837e-16],[0.5, 0.5, 0.5, 0.5, 0.5, 0.5, 1.0, 1.0, 1.0, 1.0, 2.0],[0.5, 0.5, 0.5, 0.5, 0.5, 0.5, 1.0, 1.0, 1.0, 1.0, 2.0],[0.5, 0.5, 0.5, 1.0, 1.0, 1.0, 1.5, 1.5, 1.5, 1.5, 1.5],[0.5, 0.5, 0.5, 1.0, 1.0, 1.0, 1.5, 1.5, 1.5, 2.0, 2.0],[0.4999999999999999, 0.9999999999999999, 0.9999999999999999, 1.4999999999999998, 1.4999999999999998, 1.4999999999999998, 1.4999999999999998, 1.4999999999999998, 1.4999999999999998, 1.4999999999999998, 1.4999999999999998],[0.5, 1.0, 1.0, 1.5, 2.0, 2.0, 2.0, 2.0, 2.0, 2.0, 2.0],[1.0, 1.5, 1.5, 1.5, 1.5, 1.5, 1.5, 1.5, 1.5, 1.5, 1.5],[1.0, 1.5, 1.5, 1.5, 1.5, 1.5, 1.5, 1.5, 1.5, 1.5, 1.5]
]

L = 5

[
[0.49999999999999994, 0.49999999999999994, 0.49999999999999994, 0.49999999999999994, 0.49999999999999994, 0.49999999999999994, 0.9999999999999999, 0.9999999999999999, 0.9999999999999999, 0.9999999999999999, 0.9999999999999999],[0.49999999999999994, 0.49999999999999994, 0.49999999999999994, 0.49999999999999994, 0.49999999999999994, 0.49999999999999994, 0.9999999999999999, 0.9999999999999999, 0.9999999999999999, 0.9999999999999999, 0.9999999999999999],[0.49999999999999994, 0.49999999999999994, 0.49999999999999994, 1.0, 1.0, 1.0, 1.0, 1.0, 1.0, 1.0, 1.0],[0.49999999999999994, 0.49999999999999994, 0.49999999999999994, 0.9999999999999999, 0.9999999999999999, 0.9999999999999999, 0.9999999999999999, 0.9999999999999999, 0.9999999999999999, 0.9999999999999999, 0.9999999999999999],[-0.0, -0.0, -0.0, -0.0, -0.0, -0.0, -0.0, -0.0, -0.0, -0.0, -0.0],[0.49999999999999994, 0.9999999999999999, 0.9999999999999999, 0.9999999999999999, 0.9999999999999999, 0.9999999999999999, 0.9999999999999999, 0.9999999999999999, 0.9999999999999999, 0.9999999999999999, 0.9999999999999999],[-6.406853007629837e-16, -6.406853007629837e-16, -6.406853007629837e-16, -6.406853007629837e-16, -6.406853007629837e-16, -6.406853007629837e-16, -6.406853007629837e-16, -6.406853007629837e-16, -6.406853007629837e-16, -6.406853007629837e-16, -6.406853007629837e-16],[1.0000000000000002, 1.0000000000000002, 1.0000000000000002, 1.0000000000000002, 1.0000000000000002, 1.0000000000000002, 1.0000000000000002, 1.0000000000000002, 1.0000000000000002, 1.0000000000000002, 1.0000000000000002],[0.9999999999999998, 0.9999999999999998, 0.9999999999999998, 0.9999999999999998, 0.9999999999999998, 0.9999999999999998, 0.9999999999999998, 0.9999999999999998, 0.9999999999999998, 0.9999999999999998, 0.9999999999999998],[-1.2813706015259676e-15, -1.2813706015259676e-15, -1.2813706015259676e-15, -1.2813706015259676e-15, -1.2813706015259676e-15, -1.2813706015259676e-15, -1.2813706015259676e-15, -1.2813706015259676e-15, -1.2813706015259676e-15, -1.2813706015259676e-15, -1.2813706015259676e-15],[1.0, 1.0, 1.0, 1.0, 1.0, 1.0, 1.0, 1.0, 1.0, 1.0, 1.0]
]

L = 6

[
[-0.0, -0.0, -0.0, -0.0, -0.0, -0.0, -0.0, -0.0, -0.0, -0.0, -0.0],[0.5, 0.5, 0.5, 1.0, 1.0, 1.0, 1.5, 1.5, 1.5, 2.0, 2.0],[0.375, 0.375, 0.375, 0.75, 0.75, 0.75, 1.125, 1.125, 1.125, 1.5, 3.0],[0.375, 0.75, 0.75, 1.125, 1.5, 1.5, 1.875, 2.25, 2.25, 2.5, 3.25],[0.4755245584602701, 0.8505245584602701, 0.8505245584602701, 1.10052455846027, 1.35052455846027, 1.35052455846027, 1.60052455846027, 1.85052455846027, 1.85052455846027, 2.10052455846027, 3.712719009173214],[0.7499999999999999, 1.0701597655573916, 1.3903195311147833, 2.0306390622295667, 2.3507988277869583, 2.6709585933443503, 2.991118358901742, 3.3112781244591334, 3.3112781244591334, 3.3112781244591334, 3.3112781244591334],[0.6278999052840779, 0.9230187023302701, 1.1671579526880917, 1.6033981131667625, 1.8103529959454585, 2.0173078787241545, 2.2242627615028505, 2.638172527060242, 2.813815454721695, 2.970065454721695, 4.438299797067209],[0.8330585814959282, 1.5048747234720135, 1.8536221666135482, 2.3223721666135484, 2.6348721666135484, 3.0588084030851315, 3.3126382858638275, 3.6933831100318715, 3.997751805975251, 4.185251805975251, 4.869649566928038],[0.8748333006854618, 1.6963854752177392, 2.234989771889914, 2.8900009085793568, 3.3152928369212002, 3.8062204973998712, 4.075338792963019, 4.075338792963019, 4.075338792963019, 4.075338792963019, 4.075338792963019],[1.5453799684516571, 2.658558779867812, 3.6111481747153564, 4.274634399525076, 4.274634399525077, 4.274634399525077, 4.274634399525077, 4.274634399525077, 4.274634399525077, 4.274634399525077, 4.274634399525077],[1.5974427736332077, 2.563613371750195, 3.3814424949218553, 3.9571310764942838, 4.4223229741954695, 4.579624526929544, 4.579624526929544, 4.579624526929544, 4.579624526929544, 4.579624526929544, 4.579624526929544],[2.424283717779114, 3.789860381941025, 4.599062950665587, 4.712735373559262, 4.712735373559262, 4.712735373559262, 4.712735373559262, 4.712735373559262, 4.712735373559262, 4.712735373559262, 4.712735373559262],[2.4111268626500895, 3.6775198511715446, 4.470055253876392, 4.7320301737308865, 4.839318642651861, 4.875521914313463, 4.894749924687643, 4.901928974780295, 4.904193007608806, 4.904939747304584, 4.905492366955567]
]

L = 7

[
[0.49999999999999994, 0.49999999999999994, 0.49999999999999994, 0.9999999999999999, 0.9999999999999999, 0.9999999999999999, 0.9999999999999999, 0.9999999999999999, 0.9999999999999999, 0.9999999999999999, 0.9999999999999999],[0.49999999999999994, 0.49999999999999994, 0.49999999999999994, 1.0, 1.0, 1.0, 1.5, 1.5, 1.5, 1.5, 1.5],[0.375, 0.75, 0.75, 1.125, 1.5, 1.5, 1.875, 2.25, 2.25, 2.625, 3.0],[0.375, 0.75, 0.75, 1.125, 1.375, 1.375, 1.625, 1.875, 1.875, 2.125, 3.625],[0.6304072660268981, 0.8804072660268982, 1.1304072660268982, 1.6304072660268982, 1.8804072660268982, 2.1304072660268982, 2.3804072660268982, 2.74867212715453, 2.90492212715453, 3.06117212715453, 4.276583480823842],[0.6427885606574194, 0.9490660768450643, 1.1990660768450643, 1.6990660768450643, 1.925090810464029, 2.1320456932427247, 2.3390005760214208, 2.6515005760214208, 2.8077505760214208, 2.9640005760214208, 4.38389218452493],[0.8610912122090385, 1.5815080117031688, 2.0177481721818395, 2.6386128205179276, 3.0525225860753196, 3.589864378792508, 3.843694261571204, 4.224439085739248, 4.372950820131446, 4.372950820131446, 4.372950820131446],[0.9282936510517371, 1.6161494841516615, 2.0701964701153255, 2.6910611184514135, 2.989297507301401, 3.3700423314694445, 3.6238722142481405, 3.9899993416370445, 4.25224905776444, 4.382112778459114, 4.516263142498649],[1.4258231754922033, 2.368334570092022, 3.1488782831100535, 3.7932839271820082, 4.288229288434073, 4.6785410063780475, 4.865622635206978, 4.865622635206977, 4.865622635206977, 4.865622635206977, 4.865622635206977],[1.601487927355961, 2.690361705914754, 3.4041955782373643, 4.012180878615166, 4.4138033631137725, 4.5304613758466905, 4.5304613758466905, 4.5304613758466905, 4.5304613758466905, 4.5304613758466905, 4.5304613758466905],[2.801072513495509, 4.201711642303748, 4.201711642303749, 4.201711642303749, 4.201711642303749, 4.201711642303749, 4.201711642303749, 4.201711642303749, 4.201711642303749, 4.201711642303749, 4.201711642303749],[2.7877274071323837, 4.228788748986956, 4.228788748986956, 4.228788748986956, 4.228788748986956, 4.228788748986956, 4.228788748986956, 4.228788748986956, 4.228788748986956, 4.228788748986956, 4.228788748986956],[3.541725293491306, 4.88007644278996, 4.88007644278996, 4.88007644278996, 4.88007644278996, 4.88007644278996, 4.88007644278996, 4.88007644278996, 4.88007644278996, 4.88007644278996, 4.88007644278996],[4.29241577610811, 4.292415776108109, 4.292415776108109, 4.292415776108109, 4.292415776108109, 4.292415776108109, 4.292415776108109, 4.292415776108109, 4.292415776108109, 4.292415776108109, 4.292415776108109],[4.264474585123615, 4.388065511116444, 4.401499578660155, 4.40323161946037, 4.403262458189795, 4.403263658630609, 4.403263670893425, 4.403263670978536, 4.4032636709847175, 4.4032636709847175, 4.403263670984717]
]

L = 8

[
[0.49999999999999994, 0.49999999999999994, 0.49999999999999994, 0.9999999999999999, 0.9999999999999999, 0.9999999999999999, 0.9999999999999999, 0.9999999999999999, 0.9999999999999999, 0.9999999999999999, 0.9999999999999999],[0.5, 1.0, 1.0, 1.5, 2.0, 2.0, 2.0, 2.0, 2.0, 2.0, 2.0],[0.5, 0.875, 0.875, 1.25, 1.625, 1.625, 2.0, 2.375, 2.375, 2.75, 2.75],[0.75, 1.125, 1.375, 1.875, 2.125, 2.375, 2.625, 3.125, 3.375, 3.625, 3.625],[0.5454710028484384, 0.7954710028484384, 1.0454710028484384, 1.5454710028484384, 1.7954710028484384, 2.0454710028484384, 2.2954710028484384, 2.6079710028484384, 2.7642210028484384, 2.9204710028484384, 4.402976743018275],[0.6590488433551043, 1.2432882911306724, 1.620572856127545, 2.1217151386259814, 2.4342151386259814, 2.902965138625981, 3.215465138625981, 3.539188512181345, 3.8204385121813456, 4.007938512181346, 5.124046361842057],[0.6876033347243454, 1.252638986911346, 1.5651389869113461, 2.033888986911346, 2.3147563117940897, 2.62215036022926, 2.80965036022926, 3.09090036022926, 3.37215036022926, 3.55965036022926, 5.4691013900103655],[1.4481875500516346, 2.2481542305893845, 2.908315073075928, 3.474467175611885, 3.943245823425265, 4.240172290548644, 4.513609790548644, 4.736024314804011, 4.925016641507274, 5.081266641507273, 5.197990846042897],[1.0300399353499805, 1.7087956836987197, 2.2931577839793014, 2.8122361017253192, 3.2839634711912855, 3.6714518491141175, 4.042193187071042, 4.336787279973095, 4.651958966262289, 4.87283869646397, 6.08898876232063],[1.5050056880455809, 2.508610085610214, 3.3213740935200904, 4.013817342364154, 4.646706507501757, 5.112912645771902, 5.495725105285787, 5.794844642244827, 6.0497457416983424, 6.220241665131136, 6.3626523085314215],[1.2918248113544275, 2.2903504562941825, 3.1416495558977893, 3.848920759007389, 4.477979131867607, 4.94972732735415, 5.3479310474226995, 5.650551182099409, 5.918894607400289, 6.110784586852408, 6.607057037286813],[2.688276638836895, 4.361446649329492, 5.531350587717428, 6.013946405552657, 6.013946405552657, 6.013946405552657, 6.013946405552657, 6.013946405552657, 6.013946405552657, 6.013946405552657, 6.013946405552657],[1.761909535326864, 3.12005953064578, 4.296528571869971, 5.201474403168449, 5.904687889558359, 6.421819759375914, 6.805826908872786, 7.004022743493765, 7.033786019452276, 7.033786019452275, 7.033786019452275],[5.21969478564349, 5.308949317934381, 5.308949317934381, 5.308949317934381, 5.308949317934381, 5.308949317934381, 5.308949317934381, 5.308949317934381, 5.308949317934381, 5.308949317934381, 5.308949317934381],[3.876089128779937, 6.1921811358029455, 6.275770951751786, 6.275770951751786, 6.275770951751786, 6.275770951751786, 6.275770951751786, 6.275770951751786, 6.275770951751786, 6.275770951751786, 6.275770951751786],[6.165554692480969, 6.233469459783857, 6.233469459783857, 6.233469459783857, 6.233469459783857, 6.233469459783857, 6.233469459783857, 6.233469459783857, 6.233469459783857, 6.233469459783857, 6.233469459783857],[5.939514611640763, 6.541242499936629, 6.565946850534869, 6.56608008398456, 6.5660801938757105, 6.566080193876218, 6.566080193876218, 6.566080193876218, 6.566080193876218, 6.566080193876218, 6.566080193876218]
]

L = 9

[
[0.49999999999999994, 0.9999999999999999, 0.9999999999999999, 0.9999999999999999, 0.9999999999999999, 0.9999999999999999, 0.9999999999999999, 0.9999999999999999, 0.9999999999999999, 0.9999999999999999, 0.9999999999999999],[0.49999999999999994, 1.0, 1.0, 1.5, 1.5, 1.5, 1.5, 1.5, 1.5, 1.5, 1.5],[1.0, 1.375, 1.75, 2.5, 2.5, 2.5, 2.5, 2.5, 2.5, 2.5, 2.5],[0.75, 1.125, 1.375, 1.875, 2.125, 2.375, 2.625, 3.125, 3.375, 3.625, 3.625],[0.8444564530542944, 1.5944564530542944, 2.0944564530542946, 2.6569564530542946, 2.9694564530542946, 3.4382064530542946, 3.7507064530542946, 4.219456453054295, 4.3251095045866075, 4.3251095045866075, 4.3251095045866075],[0.7499999999999998, 1.3201597655573916, 1.6326597655573916, 2.1014097655573916, 2.4139097655573916, 2.8826597655573916, 3.1951597655573916, 3.5389097655573916, 3.8201597655573916, 4.007659765557392, 5.038909765557392],[1.451259133144316, 2.3846237814804034, 3.1658737814804034, 3.8591186056484474, 4.327868605648447, 4.679431105648447, 4.788806105648447, 4.788806105648447, 4.788806105648447, 4.788806105648447, 4.788806105648447],[1.241729296672175, 2.1226447086718734, 2.889631097521861, 3.524205804468601, 4.026120745857948, 4.494870745857948, 4.889325628636644, 5.14903922189684, 5.14903922189684, 5.149039221896839, 5.149039221896839],[1.7236054558704148, 2.9927548697638944, 4.0175727406041135, 4.960473912276287, 5.532624986444331, 5.532624986444331, 5.532624986444331, 5.532624986444331, 5.532624986444331, 5.532624986444331, 5.532624986444331],[2.3391478097054876, 3.735845644448593, 4.629474618353581, 4.939780149018548, 4.939780149018548, 4.939780149018548, 4.939780149018548, 4.939780149018548, 4.939780149018548, 4.939780149018548, 4.939780149018548],[3.2094688713002166, 5.260985943418694, 5.260985943418694, 5.260985943418694, 5.260985943418694, 5.260985943418694, 5.260985943418694, 5.260985943418694, 5.260985943418694, 5.260985943418694, 5.260985943418694],[3.1635596007185427, 5.013011348140213, 5.4169256227273905, 5.4169256227273905, 5.4169256227273905, 5.4169256227273905, 5.4169256227273905, 5.4169256227273905, 5.4169256227273905, 5.4169256227273905, 5.4169256227273905],[5.098839368705969, 5.2697902070843945, 5.2697902070843945, 5.2697902070843945, 5.2697902070843945, 5.2697902070843945, 5.2697902070843945, 5.2697902070843945, 5.2697902070843945, 5.2697902070843945, 5.2697902070843945],[4.25680096090867, 4.25680096090867, 4.25680096090867, 4.25680096090867, 4.25680096090867, 4.25680096090867, 4.25680096090867, 4.25680096090867, 4.25680096090867, 4.25680096090867, 4.25680096090867],[4.644084050530737, 4.644084050530737, 4.644084050530737, 4.644084050530737, 4.644084050530737, 4.644084050530737, 4.644084050530737, 4.644084050530737, 4.644084050530737, 4.644084050530737, 4.644084050530737],[5.303638523563583, 5.303638523563583, 5.303638523563583, 5.303638523563583, 5.303638523563583, 5.303638523563583, 5.303638523563583, 5.303638523563583, 5.303638523563583, 5.303638523563583, 5.303638523563583],[5.511997138573411, 5.511997138573411, 5.511997138573411, 5.511997138573411, 5.511997138573411, 5.511997138573411, 5.511997138573411, 5.511997138573411, 5.511997138573411, 5.511997138573411, 5.511997138573411],[5.513001629694588, 5.513001629694588, 5.513001629694588, 5.513001629694588, 5.513001629694588, 5.513001629694588, 5.513001629694588, 5.513001629694588, 5.513001629694588, 5.513001629694588, 5.513001629694588],[5.858846188484586, 5.873425180551782, 5.873456502654616, 5.873456506325038, 5.873456506325038, 5.873456506325039, 5.873456506325039, 5.873456506325039, 5.873456506325039, 5.873456506325038, 5.873456506325039]
]
