
L = 4

[
[0.49999999999999994, 0.49999999999999994, 0.49999999999999994, 0.49999999999999994, 0.49999999999999994, 0.49999999999999994, 0.49999999999999994, 0.49999999999999994, 0.49999999999999994, 0.49999999999999994, 0.9999999999999999],[0.5, 0.5, 0.5, 0.5, 0.5, 0.5, 1.0, 1.0, 1.0, 1.0, 2.0],[0.49999999999999994, 0.49999999999999994, 0.49999999999999994, 0.49999999999999994, 0.49999999999999994, 0.49999999999999994, 1.0, 1.0, 1.0, 1.0, 1.5],[0.49999999999999994, 0.49999999999999994, 0.49999999999999994, 1.0, 1.0, 1.0, 1.5, 1.5, 1.5, 1.5, 1.5],[0.49999999999999994, 0.49999999999999994, 0.49999999999999994, 1.0, 1.0, 1.0, 1.5, 1.5, 1.5, 1.5, 1.5],[0.49999999999999994, 1.0, 1.0, 1.5, 1.5, 1.5, 1.5, 1.5, 1.5, 1.5, 1.5],[0.49999999999999983, 0.9999999999999998, 0.9999999999999998, 1.4999999999999998, 1.4999999999999998, 1.4999999999999998, 1.4999999999999998, 1.4999999999999998, 1.4999999999999998, 1.4999999999999998, 1.4999999999999998],[1.0, 1.5, 1.5, 1.5, 1.5, 1.5, 1.5, 1.5, 1.5, 1.5, 1.5],[0.9999999999999999, 1.5, 1.5, 1.5, 1.5, 1.5, 1.5, 1.5, 1.5, 1.5, 1.5]
]

L = 5

[
[-6.406853007629837e-16, -6.406853007629837e-16, -6.406853007629837e-16, -6.406853007629837e-16, -6.406853007629837e-16, -6.406853007629837e-16, -6.406853007629837e-16, -6.406853007629837e-16, -6.406853007629837e-16, -6.406853007629837e-16, -6.406853007629837e-16],[0.49999999999999994, 0.49999999999999994, 0.49999999999999994, 0.49999999999999994, 0.49999999999999994, 0.49999999999999994, 0.9999999999999999, 0.9999999999999999, 0.9999999999999999, 0.9999999999999999, 0.9999999999999999],[0.49999999999999994, 0.49999999999999994, 0.49999999999999994, 0.9999999999999999, 0.9999999999999999, 0.9999999999999999, 0.9999999999999999, 0.9999999999999999, 0.9999999999999999, 0.9999999999999999, 0.9999999999999999],[0.49999999999999994, 0.49999999999999994, 0.49999999999999994, 0.9999999999999999, 0.9999999999999999, 0.9999999999999999, 0.9999999999999999, 0.9999999999999999, 0.9999999999999999, 0.9999999999999999, 0.9999999999999999],[0.4999999999999999, 0.9999999999999998, 0.9999999999999998, 0.9999999999999998, 0.9999999999999998, 0.9999999999999998, 0.9999999999999998, 0.9999999999999998, 0.9999999999999998, 0.9999999999999998, 0.9999999999999998],[0.49999999999999994, 1.0, 1.0, 1.0, 1.0, 1.0, 1.0, 1.0, 1.0, 1.0, 1.0],[1.0, 1.0, 1.0, 1.0, 1.0, 1.0, 1.0, 1.0, 1.0, 1.0, 1.0],[3.203426503814918e-16, 3.203426503814918e-16, 3.203426503814918e-16, 3.203426503814918e-16, 3.203426503814918e-16, 3.203426503814918e-16, 3.203426503814918e-16, 3.203426503814918e-16, 3.203426503814918e-16, 3.203426503814918e-16, 3.203426503814918e-16],[0.9999999999999998, 0.9999999999999998, 0.9999999999999998, 0.9999999999999998, 0.9999999999999998, 0.9999999999999998, 0.9999999999999998, 0.9999999999999998, 0.9999999999999998, 0.9999999999999998, 0.9999999999999998],[1.0000000000000007, 1.0000000000000007, 1.0000000000000007, 1.0000000000000007, 1.0000000000000007, 1.0000000000000007, 1.0000000000000007, 1.0000000000000007, 1.0000000000000007, 1.0000000000000007, 1.0000000000000007],[0.9999999999999999, 0.9999999999999999, 0.9999999999999999, 0.9999999999999999, 0.9999999999999999, 0.9999999999999999, 0.9999999999999999, 0.9999999999999999, 0.9999999999999999, 0.9999999999999999, 0.9999999999999999]
]

L = 6

[
[0.49999999999999994, 0.49999999999999994, 0.49999999999999994, 0.49999999999999994, 0.49999999999999994, 0.49999999999999994, 0.9999999999999999, 0.9999999999999999, 0.9999999999999999, 0.9999999999999999, 0.9999999999999999],[0.5, 0.5, 0.5, 1.0, 1.0, 1.0, 1.5, 1.5, 1.5, 2.0, 2.0],[0.5, 0.5, 0.5, 1.0, 1.0, 1.0, 1.375, 1.375, 1.375, 1.75, 2.5],[0.375, 0.75, 0.75, 1.125, 1.375, 1.375, 1.625, 1.875, 1.875, 2.125, 3.625],[0.4528195311147832, 0.9056390622295664, 0.9056390622295664, 1.2806390622295665, 1.6556390622295665, 1.6556390622295665, 1.975798827786958, 2.2959585933443494, 2.2959585933443494, 2.5459585933443494, 3.1084585933443494],[0.7499999999999999, 1.1055616162641013, 1.3771504109694903, 1.8771504109694903, 2.084105293748186, 2.279881416580147, 2.436131416580147, 2.748631416580147, 2.904881416580147, 3.061131416580147, 4.110384963805973],[0.6984567893953607, 1.02088316358175, 1.3213738585098227, 1.8213738585098227, 2.0671013409287498, 2.2740562237074453, 2.481011106486141, 2.8785700054139136, 3.0519107940847174, 3.2081607940847174, 4.09624654413648],[0.8765718005190648, 1.6016540526073981, 1.9861213886672955, 2.4955433611714266, 2.830906115066735, 3.311052542015866, 3.594217483405214, 3.974962307573258, 4.210252740850531, 4.360605182239879, 4.6217925200298495],[0.8680362866412201, 1.5658304564894796, 1.9321291046466726, 2.400879104646673, 2.6989348167899028, 3.0796796409579468, 3.3335095237366428, 3.6911356093726475, 3.998580970624712, 4.186080970624713, 4.813264759240793],[1.7204826348157545, 2.881341800702484, 3.725845351840598, 4.160811531714982, 4.160811531714982, 4.160811531714982, 4.160811531714982, 4.160811531714982, 4.160811531714982, 4.160811531714982, 4.160811531714982],[2.132303993434462, 3.298310943370734, 3.298310943370734, 3.298310943370734, 3.298310943370734, 3.298310943370734, 3.298310943370734, 3.298310943370734, 3.298310943370734, 3.298310943370734, 3.298310943370734],[2.2598980033603775, 3.7003949328762915, 4.719263422215799, 4.928338933368166, 4.928338933368166, 4.928338933368166, 4.928338933368166, 4.928338933368166, 4.928338933368166, 4.928338933368166, 4.928338933368166],[2.1860198175763292, 3.5702745766188673, 4.548969698027206, 4.901443320556889, 5.0629437806320645, 5.137581128575605, 5.180673085729659, 5.2049273902398445, 5.2193453567130685, 5.226318908840588, 5.2329729241832155]
]

L = 7

[
[0.49999999999999994, 0.49999999999999994, 0.49999999999999994, 0.9999999999999999, 0.9999999999999999, 0.9999999999999999, 0.9999999999999999, 0.9999999999999999, 0.9999999999999999, 0.9999999999999999, 0.9999999999999999],[0.5, 0.5, 0.5, 1.0, 1.0, 1.0, 1.5, 1.5, 1.5, 2.0, 2.0],[0.5, 1.0, 1.0, 1.5, 1.875, 1.875, 2.25, 2.25, 2.25, 2.25, 2.25],[0.4528195311147832, 0.8278195311147831, 0.8278195311147831, 1.2028195311147831, 1.5778195311147831, 1.5778195311147831, 1.9528195311147831, 2.202819531114783, 2.202819531114783, 2.452819531114783, 3.202819531114783],[0.75, 1.125, 1.375, 1.875, 2.125, 2.375, 2.625, 3.03125, 3.1875, 3.34375, 3.8125],[0.6403195311147831, 0.9604792966721747, 1.2104792966721747, 1.7104792966721747, 1.9604792966721747, 2.2104792966721742, 2.4604792966721742, 2.82368417945087, 2.97993417945087, 3.13618417945087, 4.16743417945087],[1.2536251423228943, 2.2919239701098526, 2.7504945255098026, 3.1644042910671946, 3.1644042910671946, 3.164404291067194, 3.164404291067194, 3.164404291067194, 3.164404291067194, 3.164404291067194, 3.164404291067194],[0.8066515159230123, 1.5363127742501392, 2.015974032577266, 2.6697144272982216, 3.0836241928556136, 3.6301937239703963, 3.9698083723064834, 4.266530637863875, 4.266530637863875, 4.266530637863875, 4.266530637863875],[1.5441073905249043, 2.5320123783518484, 3.300589065764208, 3.9578794265638133, 4.440184620973982, 4.6128302574447675, 4.612830257444768, 4.612830257444768, 4.612830257444768, 4.612830257444768, 4.612830257444768],[1.6058445130404668, 2.686260318697222, 3.359056057605091, 3.991631426067679, 4.3820784811604385, 4.5216103743611145, 4.5216103743611145, 4.5216103743611145, 4.5216103743611145, 4.5216103743611145, 4.5216103743611145],[2.5574038053991237, 3.9280106466152045, 4.649713599581148, 4.649713599581147, 4.649713599581147, 4.649713599581147, 4.649713599581147, 4.649713599581147, 4.649713599581147, 4.649713599581147, 4.649713599581147],[2.8740492219931664, 4.165976722446174, 4.165976722446173, 4.165976722446173, 4.165976722446173, 4.165976722446173, 4.165976722446173, 4.165976722446173, 4.165976722446173, 4.165976722446173, 4.165976722446173],[4.2918126581370695, 4.29181265813707, 4.29181265813707, 4.29181265813707, 4.29181265813707, 4.29181265813707, 4.29181265813707, 4.29181265813707, 4.29181265813707, 4.29181265813707, 4.29181265813707],[4.29164629492843, 4.291646294928429, 4.291646294928429, 4.291646294928429, 4.291646294928429, 4.291646294928429, 4.291646294928429, 4.291646294928429, 4.291646294928429, 4.291646294928429, 4.291646294928429],[3.4195600396959858, 3.4396752219553317, 3.4401507516758345, 3.4401549817112693, 3.440155011290456, 3.4401550113031516, 3.440155011303151, 3.4401550113031516, 3.4401550113031516, 3.440155011303151, 3.4401550113031516]
]

L = 8

[
[0.49999999999999994, 0.49999999999999994, 0.49999999999999994, 0.9999999999999999, 0.9999999999999999, 0.9999999999999999, 0.9999999999999999, 0.9999999999999999, 0.9999999999999999, 0.9999999999999999, 0.9999999999999999],[0.49999999999999994, 1.0, 1.0, 1.0, 1.0, 1.0, 1.0, 1.0, 1.0, 1.0, 1.0],[0.5306390622295665, 0.9056390622295665, 0.9056390622295665, 1.2806390622295665, 1.6556390622295665, 1.6556390622295665, 2.0306390622295662, 2.4056390622295662, 2.4056390622295662, 2.4056390622295662, 2.4056390622295662],[0.8023148814000081, 1.177314881400008, 1.552314881400008, 2.177314881400008, 2.427314881400008, 2.677314881400008, 2.927314881400008, 3.3059534860365503, 3.3059534860365503, 3.3059534860365503, 3.3059534860365503],[0.6156307684058299, 0.86563076840583, 1.11563076840583, 1.52188076840583, 1.67813076840583, 1.83438076840583, 1.99063076840583, 2.30313076840583, 2.45938076840583, 2.61563076840583, 4.566886508575667],[0.7797835920547062, 1.4006482403907936, 1.7962454056679258, 2.297387688166362, 2.609887688166362, 3.0786376881663617, 3.3543689685081253, 3.6356189685081253, 3.9168689685081253, 4.104368968508125, 4.925066886699364],[0.7274957524178982, 1.2077093288541443, 1.5202093288541443, 1.9492151971432015, 2.2030450799218975, 2.5716494944869193, 2.7591494944869197, 3.0403994944869197, 3.3216494944869197, 3.5091494944869197, 5.557368044111605],[0.9512408932036952, 1.6094999922793936, 2.1916383709244527, 2.6935331803732674, 3.1622831803732674, 3.6310331803732674, 4.0854996409016575, 4.469377738119644, 4.887745110999157, 5.161182610999155, 5.915094261692882],[0.7558518229915476, 1.2805016211884594, 1.7598856169091062, 2.19817921397545, 2.5952883100719846, 2.9699419125321804, 3.3102612665846625, 3.615649920378453, 3.943774920378453, 4.217212420378453, 6.765769658715905],[2.0361388319040072, 3.5072619528119082, 4.546065574319297, 5.137525379216289, 5.137525379216289, 5.137525379216289, 5.137525379216289, 5.137525379216289, 5.137525379216289, 5.137525379216289, 5.137525379216289],[1.249432475449613, 2.213117181630279, 3.1058563191621746, 3.908550136910087, 4.641781016336711, 5.224178560408504, 5.746588491867955, 6.206320759316109, 6.279457321692737, 6.279457321692737, 6.279457321692737],[2.921910223286515, 5.2873106265861844, 5.376565158877075, 5.376565158877075, 5.376565158877075, 5.376565158877075, 5.376565158877075, 5.376565158877075, 5.376565158877075, 5.376565158877075, 5.376565158877075],[2.3885443408414426, 4.003589332114135, 5.299229082989122, 6.169598007522292, 6.227184754725974, 6.227184754725974, 6.227184754725974, 6.227184754725974, 6.227184754725974, 6.227184754725974, 6.227184754725974],[3.375312426185705, 5.310073670377682, 6.221721274364925, 6.89056351643322, 6.934302877747392, 6.934302877747393, 6.934302877747392, 6.934302877747393, 6.934302877747393, 6.934302877747392, 6.934302877747393],[3.1452631555895096, 5.2043557389076955, 6.434341249658085, 6.993040316467592, 7.017603979928193, 7.017603979928193, 7.017603979928192, 7.017603979928194, 7.017603979928193, 7.017603979928193, 7.017603979928192],[5.254749640554425, 6.961415322630817, 6.983787408541101, 6.983787408541101, 6.983787408541101, 6.983787408541101, 6.983787408541101, 6.983787408541101, 6.983787408541101, 6.983787408541101, 6.983787408541101],[4.911484446911228, 6.753713231227541, 7.225139479049485, 7.319966259714659, 7.33996878567406, 7.341421266008187, 7.341456876009155, 7.3414573963191305, 7.341457399034019, 7.341457399040981, 7.341457399040981]
]

L = 9

[
[0.49999999999999994, 0.9999999999999999, 0.9999999999999999, 0.9999999999999999, 0.9999999999999999, 0.9999999999999999, 0.9999999999999999, 0.9999999999999999, 0.9999999999999999, 0.9999999999999999, 0.9999999999999999],[0.5, 1.0, 1.0, 1.5, 2.0, 2.0, 2.0, 2.0, 2.0, 2.0, 2.0],[1.0, 1.375, 1.75, 2.5, 2.5, 2.5, 2.5, 2.5, 2.5, 2.5, 2.5],[0.9056390622295664, 1.2806390622295662, 1.6556390622295662, 2.1556390622295662, 2.4056390622295662, 2.6556390622295662, 2.9056390622295662, 3.1556390622295662, 3.1556390622295662, 3.1556390622295662, 3.1556390622295662],[0.8409420056968765, 1.5909420056968764, 1.9034420056968764, 2.3721920056968764, 2.6846920056968764, 3.153442005696877, 3.465942005696877, 3.934692005696877, 4.403442005696877, 4.555953486036551, 4.55595348603655],[0.808938162292314, 1.465188162292314, 1.777688162292314, 2.246438162292314, 2.558938162292314, 3.027688162292314, 3.340188162292314, 3.808938162292314, 4.215188162292314, 4.402688162292314, 4.733191709518141],[1.038909765557392, 1.820159765557392, 2.601409765557392, 3.261489648336088, 3.730239648336088, 4.198989648336088, 4.667739648336088, 5.019302148336088, 5.347427148336088, 5.402114648336088, 5.402114648336088],[1.7019867990934818, 2.682691565905282, 3.477498890073326, 4.071248890073326, 4.377676082915256, 4.377676082915256, 4.377676082915256, 4.377676082915256, 4.377676082915256, 4.377676082915256, 4.377676082915256],[2.234747923723779, 3.605731386575694, 4.579088655636038, 5.028068134115985, 5.064688530290448, 5.064688530290448, 5.064688530290448, 5.064688530290448, 5.064688530290448, 5.064688530290448, 5.064688530290448],[1.6127221686202593, 2.7502156813828114, 3.775033552223031, 4.67243816276584, 5.37820647318595, 5.738706289916012, 5.738706289916012, 5.738706289916012, 5.738706289916012, 5.738706289916012, 5.738706289916012],[3.8259142634778827, 4.907647615787196, 4.907647615787196, 4.907647615787196, 4.907647615787196, 4.907647615787196, 4.907647615787196, 4.907647615787196, 4.907647615787196, 4.907647615787196, 4.907647615787196],[4.0495887912205015, 4.601088828553552, 4.601088828553552, 4.601088828553552, 4.601088828553552, 4.601088828553552, 4.601088828553552, 4.601088828553552, 4.601088828553552, 4.601088828553552, 4.601088828553552],[4.914651664236043, 4.914651664236043, 4.914651664236043, 4.914651664236043, 4.914651664236043, 4.914651664236043, 4.914651664236043, 4.914651664236043, 4.914651664236043, 4.914651664236043, 4.914651664236043],[4.025747008398538, 6.051446798571109, 6.051446798571109, 6.051446798571109, 6.051446798571109, 6.051446798571109, 6.051446798571109, 6.051446798571109, 6.051446798571109, 6.051446798571109, 6.051446798571109],[5.192791524346964, 5.192791524346964, 5.192791524346964, 5.192791524346964, 5.192791524346964, 5.192791524346964, 5.192791524346964, 5.192791524346964, 5.192791524346964, 5.192791524346964, 5.192791524346964],[3.321700718778689, 3.321700718778689, 3.321700718778689, 3.321700718778689, 3.321700718778689, 3.321700718778689, 3.321700718778689, 3.321700718778689, 3.321700718778689, 3.321700718778689, 3.321700718778689],[4.906785506540739, 4.906785506540739, 4.906785506540739, 4.906785506540739, 4.906785506540739, 4.906785506540739, 4.906785506540739, 4.906785506540739, 4.906785506540739, 4.906785506540739, 4.906785506540739],[5.509898612088181, 5.509898612088181, 5.509898612088181, 5.509898612088181, 5.509898612088181, 5.509898612088181, 5.509898612088181, 5.509898612088181, 5.509898612088181, 5.509898612088181, 5.509898612088181],[5.653940580101152, 5.656449621238449, 5.656450152383209, 5.656450152404466, 5.656450152404466, 5.656450152404467, 5.656450152404467, 5.656450152404466, 5.656450152404467, 5.656450152404466, 5.656450152404467]
]
