
L = 4

[
[0.49999999999999994, 0.49999999999999994, 0.49999999999999994, 0.49999999999999994, 0.49999999999999994, 0.49999999999999994, 0.49999999999999994, 0.49999999999999994, 0.49999999999999994, 0.49999999999999994, 0.9999999999999999],[0.49999999999999994, 0.49999999999999994, 0.49999999999999994, 0.49999999999999994, 0.49999999999999994, 0.49999999999999994, 1.0, 1.0, 1.0, 1.0, 1.5],[0.5, 0.5, 0.5, 0.5, 0.5, 0.5, 1.0, 1.0, 1.0, 1.0, 2.0],[0.5, 0.5, 0.5, 1.0, 1.0, 1.0, 1.5, 1.5, 1.5, 1.5, 1.5],[0.49999999999999994, 0.49999999999999994, 0.49999999999999994, 1.0, 1.0, 1.0, 1.5, 1.5, 1.5, 1.5, 1.5],[0.49999999999999994, 1.0, 1.0, 1.5, 1.5, 1.5, 1.5, 1.5, 1.5, 1.5, 1.5],[0.49999999999999983, 0.9999999999999998, 0.9999999999999998, 1.4999999999999998, 1.4999999999999998, 1.4999999999999998, 1.4999999999999998, 1.4999999999999998, 1.4999999999999998, 1.4999999999999998, 1.4999999999999998],[1.0, 1.5, 1.5, 1.5, 1.5, 1.5, 1.5, 1.5, 1.5, 1.5, 1.5],[1.0, 1.5, 1.5, 1.5, 1.5, 1.5, 1.5, 1.5, 1.5, 1.5, 1.5]
]

L = 5

[
[0.49999999999999994, 0.49999999999999994, 0.49999999999999994, 0.49999999999999994, 0.49999999999999994, 0.49999999999999994, 0.9999999999999999, 0.9999999999999999, 0.9999999999999999, 0.9999999999999999, 0.9999999999999999],[0.49999999999999994, 0.49999999999999994, 0.49999999999999994, 0.49999999999999994, 0.49999999999999994, 0.49999999999999994, 0.9999999999999999, 0.9999999999999999, 0.9999999999999999, 0.9999999999999999, 0.9999999999999999],[0.49999999999999994, 0.49999999999999994, 0.49999999999999994, 0.9999999999999999, 0.9999999999999999, 0.9999999999999999, 0.9999999999999999, 0.9999999999999999, 0.9999999999999999, 0.9999999999999999, 0.9999999999999999],[0.49999999999999994, 0.49999999999999994, 0.49999999999999994, 0.9999999999999999, 0.9999999999999999, 0.9999999999999999, 0.9999999999999999, 0.9999999999999999, 0.9999999999999999, 0.9999999999999999, 0.9999999999999999],[0.49999999999999983, 0.9999999999999998, 0.9999999999999998, 0.9999999999999998, 0.9999999999999998, 0.9999999999999998, 0.9999999999999998, 0.9999999999999998, 0.9999999999999998, 0.9999999999999998, 0.9999999999999998],[0.49999999999999994, 0.9999999999999999, 0.9999999999999999, 0.9999999999999999, 0.9999999999999999, 0.9999999999999999, 0.9999999999999999, 0.9999999999999999, 0.9999999999999999, 0.9999999999999999, 0.9999999999999999],[0.9999999999999998, 0.9999999999999998, 0.9999999999999998, 0.9999999999999998, 0.9999999999999998, 0.9999999999999998, 0.9999999999999998, 0.9999999999999998, 0.9999999999999998, 0.9999999999999998, 0.9999999999999998],[0.9999999999999997, 0.9999999999999997, 0.9999999999999997, 0.9999999999999997, 0.9999999999999997, 0.9999999999999997, 0.9999999999999997, 0.9999999999999997, 0.9999999999999997, 0.9999999999999997, 0.9999999999999997],[0.9999999999999998, 0.9999999999999998, 0.9999999999999998, 0.9999999999999998, 0.9999999999999998, 0.9999999999999998, 0.9999999999999998, 0.9999999999999998, 0.9999999999999998, 0.9999999999999998, 0.9999999999999998],[2.5627412030519317e-15, 2.5627412030519317e-15, 2.5627412030519317e-15, 2.5627412030519317e-15, 2.5627412030519317e-15, 2.5627412030519317e-15, 2.5627412030519317e-15, 2.5627412030519317e-15, 2.5627412030519317e-15, 2.5627412030519317e-15, 2.5627412030519317e-15],[1.0, 1.0, 1.0, 1.0, 1.0, 1.0, 1.0, 1.0, 1.0, 1.0, 1.0]
]

L = 6

[
[0.49999999999999994, 0.49999999999999994, 0.49999999999999994, 0.49999999999999994, 0.49999999999999994, 0.49999999999999994, 0.9999999999999999, 0.9999999999999999, 0.9999999999999999, 0.9999999999999999, 0.9999999999999999],[0.5, 0.5, 0.5, 1.0, 1.0, 1.0, 1.5, 1.5, 1.5, 2.0, 2.0],[0.5, 0.5, 0.5, 1.0, 1.0, 1.0, 1.375, 1.375, 1.375, 1.75, 2.5],[0.4528195311147832, 0.8801344125147913, 0.8801344125147913, 1.2551344125147912, 1.5051344125147912, 1.5051344125147912, 1.7551344125147912, 2.005134412514791, 2.005134412514791, 2.255134412514791, 3.3837730171513334],[0.41109429848279777, 0.8117233624932999, 0.8117233624932999, 1.1867233624933, 1.5617233624933, 1.5617233624933, 1.8511129357175466, 2.1011129357175466, 2.1011129357175466, 2.3511129357175466, 3.5197774630670358],[0.802314881400008, 1.1685155143849941, 1.4886752799423857, 1.9886752799423857, 2.2386752799423855, 2.4456301627210815, 2.652585045499777, 3.066494811057168, 3.241766171415544, 3.398016171415544, 3.682904776052087],[0.5556513707222701, 0.8056513707222702, 1.0556513707222703, 1.5399639599285382, 1.7158459495432374, 1.8720959495432374, 2.0283459495432377, 2.3408459495432377, 2.4970959495432377, 2.6533459495432377, 4.848024936044191],[0.9280561012902553, 1.774364301946968, 2.2106044624256387, 2.8314691107617267, 3.245378876319118, 3.720313158391223, 3.989214488630558, 4.141816181643154, 4.141816181643154, 4.141816181643154, 4.141816181643154],[0.8505001672132555, 1.5766115193825874, 1.9434989589115452, 2.4133882766402426, 2.71162466549023, 3.0923694896582736, 3.3461993724369696, 3.7025110422996876, 4.001224616467731, 4.188724616467731, 4.817221718771066],[1.5598540349175292, 2.7507008439928664, 3.7730692028946073, 4.208035382768991, 4.2080353827689905, 4.2080353827689905, 4.2080353827689905, 4.2080353827689905, 4.2080353827689905, 4.2080353827689905, 4.2080353827689905],[1.5022627197551186, 2.6334955424770374, 3.5808119320414473, 4.289298885499644, 4.289298885499644, 4.289298885499644, 4.289298885499644, 4.289298885499644, 4.289298885499644, 4.289298885499644, 4.289298885499644],[2.319441509392683, 3.7397480677788084, 4.706695887652219, 4.909823370697293, 4.909823370697293, 4.909823370697293, 4.909823370697293, 4.909823370697293, 4.909823370697293, 4.909823370697293, 4.909823370697293],[2.1151372114097837, 3.4185809306648665, 4.376642802071691, 4.840075999544787, 5.098977356529315, 5.232846003126449, 5.3147055172519835, 5.369531483366399, 5.4095197413092535, 5.434089196331598, 5.452079746697696]
]

L = 7

[
[0.49999999999999994, 0.49999999999999994, 0.49999999999999994, 0.9999999999999999, 0.9999999999999999, 0.9999999999999999, 0.9999999999999999, 0.9999999999999999, 0.9999999999999999, 0.9999999999999999, 0.9999999999999999],[0.5, 0.5, 0.5, 1.0, 1.0, 1.0, 1.5, 1.5, 1.5, 2.0, 2.0],[0.5, 0.875, 0.875, 1.25, 1.625, 1.625, 2.0, 2.375, 2.375, 2.75, 2.75],[0.375, 0.75, 0.75, 1.125, 1.375, 1.375, 1.625, 1.875, 1.875, 2.125, 3.625],[0.6403195311147831, 0.9604792966721747, 1.2806390622295662, 1.7806390622295662, 2.0306390622295662, 2.2806390622295662, 2.5306390622295662, 3.0306390622295662, 3.2806390622295662, 3.4368890622295662, 3.9056390622295662],[0.6403195311147831, 0.9181452164759181, 1.168145216475918, 1.5820549820333096, 1.7890098648120054, 1.9776521473104416, 2.1339021473104416, 2.4464021473104416, 2.6026521473104416, 2.7589021473104416, 4.602583024446993],[0.9287463904638382, 1.6787463904638382, 2.09265615602123, 2.6789252871596405, 2.9914252871596405, 3.4601752871596405, 3.7140051699383365, 4.0947499941063805, 4.315414935495728, 4.315414935495728, 4.315414935495728],[0.8066515159230123, 1.5363127742501392, 2.015974032577266, 2.6697144272982216, 3.0836241928556136, 3.630193723970396, 3.969808372306483, 4.266530637863875, 4.266530637863875, 4.266530637863875, 4.266530637863875],[1.6258243978973559, 2.5695475469631157, 3.375691785024639, 3.95911314262203, 4.416121142390435, 4.568033213111596, 4.568033213111596, 4.568033213111596, 4.568033213111596, 4.568033213111596, 4.568033213111596],[1.5244001747632847, 2.5102829842368646, 3.279754860068429, 3.945972501658807, 4.453084235189036, 4.628925976784111, 4.628925976784112, 4.628925976784112, 4.628925976784112, 4.628925976784112, 4.628925976784112],[2.6781864747390287, 4.260417685467616, 4.260417685467617, 4.260417685467617, 4.260417685467617, 4.260417685467617, 4.260417685467617, 4.260417685467617, 4.260417685467617, 4.260417685467617, 4.260417685467617],[3.289786589204091, 3.289786589204091, 3.289786589204091, 3.289786589204091, 3.289786589204091, 3.289786589204091, 3.289786589204091, 3.289786589204091, 3.289786589204091, 3.289786589204091, 3.289786589204091],[4.291400856167064, 4.291400856167064, 4.291400856167064, 4.291400856167064, 4.291400856167064, 4.291400856167064, 4.291400856167064, 4.291400856167064, 4.291400856167064, 4.291400856167064, 4.291400856167064],[3.3215215031557994, 3.3215215031557994, 3.3215215031557994, 3.3215215031557994, 3.3215215031557994, 3.3215215031557994, 3.3215215031557994, 3.3215215031557994, 3.3215215031557994, 3.3215215031557994, 3.3215215031557994],[4.164642967051251, 4.568482972273785, 4.6126640517201, 4.621283546681842, 4.622249967412655, 4.62229898144546, 4.622303478194797, 4.622303598629011, 4.6223036009805, 4.622303601038451, 4.622303601038462]
]

L = 8

[
[0.49999999999999994, 0.49999999999999994, 0.49999999999999994, 0.9999999999999999, 0.9999999999999999, 0.9999999999999999, 0.9999999999999999, 0.9999999999999999, 0.9999999999999999, 0.9999999999999999, 0.9999999999999999],[0.5, 1.0, 1.0, 1.5, 2.0, 2.0, 2.0, 2.0, 2.0, 2.0, 2.0],[0.375, 0.75, 0.75, 1.125, 1.5, 1.5, 1.875, 2.25, 2.25, 2.625, 3.0],[0.75, 1.125, 1.375, 1.875, 2.125, 2.375, 2.625, 3.125, 3.375, 3.625, 3.625],[0.6510326191125398, 0.9010326191125398, 1.1510326191125397, 1.6510326191125397, 1.9010326191125397, 2.1510326191125397, 2.4010326191125397, 2.7530587419445007, 2.9093087419445007, 3.0655587419445007, 4.235564482114338],[0.7081361491665386, 1.2923755969421067, 1.6696601619389793, 2.1497920100515473, 2.4622920100515473, 2.9310420100515473, 3.206773290393311, 3.488023290393311, 3.7692732903933104, 3.9567732903933104, 5.130134799350105],[0.6639097655573918, 1.2847744138934791, 1.6986841794508705, 2.1674341794508707, 2.4799341794508707, 2.9193491208402182, 3.1731790036189143, 3.4544290036189143, 3.7356790036189143, 3.9231790036189143, 5.118491503618914],[0.9334045597977148, 1.6127229184622212, 2.201663762285686, 2.7091460506010656, 3.177896050601066, 3.6418242811165955, 4.067228255326501, 4.441581190351009, 4.790419142917573, 5.063856642917573, 5.979815593285999],[1.0227602013983605, 1.6188244367771227, 2.1540184775082554, 2.658074084271749, 3.122002314787279, 3.5406574627877845, 3.9188295207530994, 4.261692694680276, 4.621647553082872, 4.895085053082872, 6.113892033282033],[1.417798529426311, 2.4147803921592277, 3.2822111291956646, 4.018391883707528, 4.6548115798424, 5.152481763278216, 5.525789786120827, 5.838289786120827, 6.077127119681939, 6.244863077884141, 6.3871154429872306],[1.0437519530637207, 1.9087147102872852, 2.6697320413490737, 3.3292338166238156, 3.9814896666176653, 4.512306615995504, 4.958839881129009, 5.337607168143762, 5.711915357406658, 5.990616303465171, 6.9423640940435165],[2.1176354381047022, 3.446873784511417, 4.549729969273892, 5.324054517097515, 5.86950263192913, 6.265304754826319, 6.597090742504745, 6.860370940039931, 6.8986066747498045, 6.8986066747498045, 6.8986066747498045],[1.8617375501126314, 3.2077112602323288, 4.3675103181275, 5.226405965157674, 5.897070766897043, 6.3958892001348095, 6.7431954572677215, 6.9742931708518014, 7.006577542587356, 7.006577542587356, 7.0065775425873555],[3.664165898829902, 5.659287412408685, 6.515448751905087, 6.662241933707489, 6.662241933707489, 6.662241933707489, 6.662241933707489, 6.662241933707489, 6.662241933707489, 6.662241933707489, 6.662241933707489],[3.931565121908508, 6.197202769410815, 6.249445629257099, 6.2494456292570995, 6.249445629257099, 6.249445629257099, 6.249445629257098, 6.2494456292570995, 6.249445629257099, 6.249445629257099, 6.249445629257099],[5.305071362384721, 6.891939977982343, 6.908389408443899, 6.908389408443899, 6.908389408443899, 6.908389408443899, 6.9083894084439, 6.908389408443899, 6.908389408443899, 6.908389408443899, 6.9083894084439],[5.356893958828844, 6.694916324539455, 6.882684477463444, 6.932689797454785, 6.953260144306054, 6.96179593425172, 6.96414733195481, 6.96475429956593, 6.964932325295168, 6.964965011528069, 6.964969085061825]
]

L = 9

[
[0.49999999999999994, 0.9999999999999999, 0.9999999999999999, 0.9999999999999999, 0.9999999999999999, 0.9999999999999999, 0.9999999999999999, 0.9999999999999999, 0.9999999999999999, 0.9999999999999999, 0.9999999999999999],[0.49999999999999994, 1.0, 1.0, 1.5, 1.5, 1.5, 1.5, 1.5, 1.5, 1.5, 1.5],[0.75, 1.125, 1.5, 2.25, 2.625, 3.0, 3.0, 3.0, 3.0, 3.0, 3.0],[0.75, 1.0, 1.25, 1.75, 2.0, 2.25, 2.5, 3.0, 3.25, 3.5, 3.75],[1.0153195311147831, 1.8107905339632215, 2.3107905339632215, 3.0607905339632215, 3.3732905339632215, 3.8420405339632215, 3.9182962741330583, 3.9182962741330583, 3.9182962741330583, 3.9182962741330583, 3.9182962741330583],[1.0442663938733956, 1.7790509116040618, 2.1929606771614534, 2.7037770479737735, 3.0162770479737735, 3.4850270479737735, 3.7975270479737735, 4.078777047973773, 4.152546730962349, 4.152546730962349, 4.152546730962349],[1.241729296672175, 2.0705531078733745, 2.851803107873375, 3.528259132217072, 4.018033664003399, 4.486783664003399, 4.838346164003399, 5.1011922530141005, 5.189842725216185, 5.1898427252161845, 5.1898427252161845],[1.2847744138934791, 2.133811034733698, 2.915061034733698, 3.57897080029109, 4.147215624459133, 4.597391845153807, 4.9527842279325025, 5.0621592279325025, 5.0621592279325025, 5.0621592279325025, 5.0621592279325025],[1.8265190137050433, 2.756519395611669, 3.5887936798087434, 4.340555886755484, 5.167494314396898, 5.716866241697409, 5.772917251974162, 5.772917251974162, 5.772917251974162, 5.772917251974162, 5.772917251974162],[1.920409722242957, 3.1519166327362016, 4.212778973464418, 4.95326641293506, 5.400125120764658, 5.43133040714574, 5.43133040714574, 5.43133040714574, 5.43133040714574, 5.43133040714574, 5.43133040714574],[3.254156077645933, 5.244497512010532, 5.244497512010532, 5.244497512010532, 5.244497512010532, 5.244497512010532, 5.244497512010532, 5.244497512010532, 5.244497512010532, 5.244497512010532, 5.244497512010532],[2.8464017190112827, 4.244652722878752, 5.513757269954243, 5.945651480208534, 5.945651480208534, 5.945651480208534, 5.945651480208533, 5.945651480208534, 5.945651480208534, 5.945651480208534, 5.945651480208534],[4.996427063704134, 5.50873151737536, 5.50873151737536, 5.50873151737536, 5.50873151737536, 5.50873151737536, 5.50873151737536, 5.50873151737536, 5.50873151737536, 5.50873151737536, 5.50873151737536],[4.367729861214817, 4.367729861214817, 4.367729861214817, 4.367729861214817, 4.367729861214817, 4.367729861214817, 4.367729861214817, 4.367729861214817, 4.367729861214817, 4.367729861214817, 4.367729861214817],[5.525133274919948, 5.525133274919948, 5.525133274919948, 5.525133274919948, 5.525133274919948, 5.525133274919948, 5.525133274919948, 5.525133274919948, 5.525133274919948, 5.525133274919948, 5.525133274919948],[5.292664001422357, 5.292664001422357, 5.292664001422357, 5.292664001422357, 5.292664001422357, 5.292664001422357, 5.292664001422357, 5.292664001422357, 5.292664001422357, 5.292664001422357, 5.292664001422357],[4.307087567240215, 4.307087567240215, 4.307087567240215, 4.307087567240215, 4.307087567240215, 4.307087567240215, 4.307087567240215, 4.307087567240215, 4.307087567240215, 4.307087567240215, 4.307087567240215],[5.695421527245493, 5.695421527245493, 5.695421527245493, 5.695421527245493, 5.695421527245493, 5.695421527245493, 5.695421527245493, 5.695421527245493, 5.695421527245493, 5.695421527245493, 5.695421527245493],[6.107081802708584, 6.123987018618655, 6.124186165329263, 6.124186197366963, 6.124186197367669, 6.124186197367671, 6.124186197367669, 6.124186197367671, 6.12418619736767, 6.124186197367669, 6.12418619736767]
]

L = 4

[
[0.49999999999999994, 0.49999999999999994, 0.49999999999999994, 0.49999999999999994, 0.49999999999999994, 0.49999999999999994, 0.49999999999999994, 0.49999999999999994, 0.49999999999999994, 0.49999999999999994, 0.9999999999999999],[0.5, 0.5, 0.5, 0.5, 0.5, 0.5, 1.0, 1.0, 1.0, 1.0, 2.0],[0.5, 0.5, 0.5, 0.5, 0.5, 0.5, 1.0, 1.0, 1.0, 1.0, 2.0],[0.5, 0.5, 0.5, 1.0, 1.0, 1.0, 1.5, 1.5, 1.5, 2.0, 2.0],[0.5, 0.5, 0.5, 1.0, 1.0, 1.0, 1.5, 1.5, 1.5, 2.0, 1.9999999999999998],[0.49999999999999994, 1.0, 1.0, 1.5, 1.5, 1.5, 1.5, 1.5, 1.5, 1.5, 1.5],[0.49999999999999994, 1.0, 1.0, 1.5, 1.5, 1.5, 1.5, 1.5, 1.5, 1.5, 1.5],[0.811278124459133, 0.811278124459133, 0.811278124459133, 0.811278124459133, 0.811278124459133, 0.811278124459133, 0.811278124459133, 0.811278124459133, 0.811278124459133, 0.811278124459133, 0.811278124459133],[1.0, 1.5, 1.9999999999999998, 1.9999999999999998, 1.9999999999999998, 1.9999999999999998, 1.9999999999999998, 1.9999999999999998, 1.9999999999999998, 1.9999999999999998, 1.9999999999999998]
]

L = 5

[
[0.49999999999999994, 0.49999999999999994, 0.49999999999999994, 0.49999999999999994, 0.49999999999999994, 0.49999999999999994, 0.9999999999999999, 0.9999999999999999, 0.9999999999999999, 0.9999999999999999, 0.9999999999999999],[0.49999999999999994, 0.49999999999999994, 0.49999999999999994, 0.49999999999999994, 0.49999999999999994, 0.49999999999999994, 0.9999999999999999, 0.9999999999999999, 0.9999999999999999, 0.9999999999999999, 0.9999999999999999],[0.49999999999999994, 0.49999999999999994, 0.49999999999999994, 0.9999999999999999, 0.9999999999999999, 0.9999999999999999, 0.9999999999999999, 0.9999999999999999, 0.9999999999999999, 0.9999999999999999, 0.9999999999999999],[0.49999999999999994, 0.49999999999999994, 0.49999999999999994, 1.0, 1.0, 1.0, 1.0, 1.0, 1.0, 1.0, 1.0],[3.203426503814918e-16, 3.203426503814918e-16, 3.203426503814918e-16, 3.203426503814918e-16, 3.203426503814918e-16, 3.203426503814918e-16, 3.203426503814918e-16, 3.203426503814918e-16, 3.203426503814918e-16, 3.203426503814918e-16, 3.203426503814918e-16],[0.49999999999999994, 0.9999999999999999, 0.9999999999999999, 0.9999999999999999, 0.9999999999999999, 0.9999999999999999, 0.9999999999999999, 0.9999999999999999, 0.9999999999999999, 0.9999999999999999, 0.9999999999999999],[1.0, 1.0, 1.0, 1.0, 1.0, 1.0, 1.0, 1.0, 1.0, 1.0, 1.0],[9.61027951144475e-16, 9.61027951144475e-16, 9.61027951144475e-16, 9.61027951144475e-16, 9.61027951144475e-16, 9.61027951144475e-16, 9.61027951144475e-16, 9.61027951144475e-16, 9.61027951144475e-16, 9.61027951144475e-16, 9.61027951144475e-16],[1.0, 1.0, 1.0, 1.0, 1.0, 1.0, 1.0, 1.0, 1.0, 1.0, 1.0],[1.0000000000000004, 1.0000000000000004, 1.0000000000000004, 1.0000000000000004, 1.0000000000000004, 1.0000000000000004, 1.0000000000000004, 1.0000000000000004, 1.0000000000000004, 1.0000000000000004, 1.0000000000000004],[1.0, 1.0, 1.0, 1.0, 1.0, 1.0, 1.0, 1.0, 1.0, 1.0, 1.0]
]

L = 6

[
[-6.406853007629837e-16, -6.406853007629837e-16, -6.406853007629837e-16, -6.406853007629837e-16, -6.406853007629837e-16, -6.406853007629837e-16, -6.406853007629837e-16, -6.406853007629837e-16, -6.406853007629837e-16, -6.406853007629837e-16, -6.406853007629837e-16],[0.5, 0.5, 0.5, 1.0, 1.0, 1.0, 1.5, 1.5, 1.5, 2.0, 2.0],[0.5, 0.5, 0.5, 0.875, 0.875, 0.875, 1.25, 1.25, 1.25, 1.625, 2.75],[0.4755245584602701, 0.8505245584602701, 0.8505245584602701, 1.22552455846027, 1.60052455846027, 1.60052455846027, 1.85052455846027, 2.10052455846027, 2.10052455846027, 2.35052455846027, 3.275219009173214],[0.4846482731416543, 0.922828428284699, 0.922828428284699, 1.297828428284699, 1.547828428284699, 1.547828428284699, 1.797828428284699, 2.0478284282846992, 2.0478284282846992, 2.2978284282846992, 3.3780840730574058],[0.6650192258141923, 0.9851789913715838, 1.3053387569289754, 1.8881591273643386, 2.1381591273643386, 2.3881591273643386, 2.5444091273643386, 2.8569091273643386, 3.0131591273643386, 3.1694091273643386, 4.0661337213285424],[0.5118462440941804, 0.7589162684113944, 1.0059862927286083, 1.4645568481285578, 1.6715117309072536, 1.8784666136859496, 2.0854214964646456, 2.499331262022037, 2.655581262022037, 2.811831262022037, 4.683908328783236],[0.8878281342380394, 1.6957345792463014, 2.154305134646251, 2.775169782982339, 3.18907954853973, 3.6800072090184006, 3.948908539257736, 4.202738422036432, 4.202738422036432, 4.202738422036432, 4.202738422036432],[0.8830659953700077, 1.6895167741376769, 2.1834018456011792, 2.8221877000512605, 3.1989499069979996, 3.6771965838201295, 3.9657491205581836, 4.196662694996417, 4.196662694996418, 4.196662694996418, 4.196662694996418],[1.4874941459717286, 2.4324290495034284, 3.312177040263056, 4.05811332944137, 4.4963506206232555, 4.613358166240704, 4.613358166240704, 4.613358166240704, 4.613358166240704, 4.613358166240704, 4.613358166240704],[1.720855825438706, 2.8377489948188153, 3.744389874603053, 4.14091977598737, 4.14091977598737, 4.14091977598737, 4.14091977598737, 4.14091977598737, 4.14091977598737, 4.14091977598737, 4.14091977598737],[2.440001031124213, 4.042211492622346, 4.6345192771090025, 4.634519277109002, 4.634519277109002, 4.634519277109002, 4.634519277109002, 4.634519277109002, 4.634519277109002, 4.634519277109002, 4.634519277109002],[2.6779830486679024, 4.1156973113361515, 4.405978901579782, 4.508737437450565, 4.545612277102527, 4.5576431116419815, 4.561472308112665, 4.562677521975035, 4.562800834031194, 4.562821696284669, 4.5628259609550375]
]

L = 7

[
[0.49999999999999994, 0.49999999999999994, 0.49999999999999994, 0.9999999999999999, 0.9999999999999999, 0.9999999999999999, 0.9999999999999999, 0.9999999999999999, 0.9999999999999999, 0.9999999999999999, 0.9999999999999999],[0.5, 0.5, 0.5, 1.0, 1.0, 1.0, 1.5, 1.5, 1.5, 2.0, 2.0],[0.5, 0.875, 0.875, 1.25, 1.625, 1.625, 2.0, 2.375, 2.375, 2.75, 2.75],[0.4528195311147832, 0.8278195311147831, 0.8278195311147831, 1.0778195311147831, 1.3278195311147831, 1.3278195311147831, 1.5778195311147831, 1.8278195311147831, 1.8278195311147831, 2.077819531114783, 3.577819531114783],[0.8420502806240193, 1.2170502806240195, 1.5372100461814113, 2.1775295772961947, 2.4275295772961947, 2.6775295772961947, 2.9275295772961947, 3.2400295772961947, 3.360307427695224, 3.360307427695224, 3.360307427695224],[0.75, 1.0701597655573916, 1.3201597655573916, 1.8201597655573916, 2.0701597655573916, 2.3201597655573916, 2.527114648336087, 2.941024413893479, 3.147979296672175, 3.354934179450871, 3.8743890622295662],[0.8620481027607749, 1.6493974703477, 2.1493974703477, 2.770262118683788, 3.1841718842411795, 3.705896251828104, 3.989061193217452, 4.209726134606799, 4.209726134606799, 4.209726134606799, 4.209726134606799],[0.9609204064334085, 1.7634942497427024, 2.2243862879997724, 2.869678165309571, 3.2222226732710784, 3.69108145803143, 3.9370807308368145, 4.141103194381488, 4.141103194381489, 4.141103194381489, 4.141103194381489],[2.0964857869784255, 3.302701073813413, 3.302701073813413, 3.302701073813413, 3.302701073813413, 3.302701073813413, 3.302701073813413, 3.302701073813413, 3.302701073813413, 3.302701073813413, 3.302701073813413],[1.5778246385239387, 2.6625344994970073, 3.3965301083748183, 3.9834502611768463, 4.429261053971663, 4.549947511610424, 4.549947511610423, 4.549947511610423, 4.549947511610423, 4.549947511610423, 4.549947511610423],[2.643119650170327, 4.277799000905033, 4.277799000905032, 4.277799000905032, 4.277799000905032, 4.277799000905032, 4.277799000905032, 4.277799000905032, 4.277799000905032, 4.277799000905032, 4.277799000905032],[2.637180104498516, 4.28816679547355, 4.288166795473549, 4.288166795473549, 4.288166795473549, 4.288166795473549, 4.288166795473549, 4.288166795473549, 4.288166795473549, 4.288166795473549, 4.288166795473549],[4.036904910300774, 4.6364995873180535, 4.6364995873180535, 4.6364995873180535, 4.6364995873180535, 4.6364995873180535, 4.6364995873180535, 4.6364995873180535, 4.6364995873180535, 4.6364995873180535, 4.6364995873180535],[4.166940171285557, 4.166940171285557, 4.166940171285557, 4.166940171285557, 4.166940171285557, 4.166940171285557, 4.166940171285557, 4.166940171285557, 4.166940171285557, 4.166940171285557, 4.166940171285557],[3.394884031063129, 3.407741582596829, 3.407933991338661, 3.4079345761019564, 3.4079345768375857, 3.4079345768376847, 3.4079345768376843, 3.4079345768376847, 3.4079345768376843, 3.4079345768376847, 3.4079345768376847]
]

L = 8

[
[0.49999999999999994, 0.49999999999999994, 0.49999999999999994, 0.9999999999999999, 0.9999999999999999, 0.9999999999999999, 0.9999999999999999, 0.9999999999999999, 0.9999999999999999, 0.9999999999999999, 0.9999999999999999],[0.5, 1.0, 1.0, 1.5, 2.0, 2.0, 2.0, 2.0, 2.0, 2.0, 2.0],[0.5, 0.875, 0.875, 1.25, 1.625, 1.625, 2.0, 2.375, 2.375, 2.75, 2.75],[0.75, 1.0, 1.25, 1.75, 2.0, 2.25, 2.5, 3.0, 3.25, 3.5, 3.75],[0.6403195311147831, 0.9357905339632214, 1.1857905339632215, 1.6857905339632215, 1.9357905339632215, 2.1857905339632215, 2.3420405339632215, 2.6545405339632215, 2.8107905339632215, 2.9670405339632215, 4.293296274133058],[0.8278663108930338, 1.467351389889652, 1.8812611554470438, 2.38240343794548, 2.69490343794548, 3.163653437945481, 3.476153437945481, 3.944903437945481, 4.25546906212937, 4.44296906212937, 4.692048137219974],[0.6293819886307704, 1.1939902962213167, 1.5123829632662176, 1.9811329632662176, 2.2936329632662176, 2.7179775487577658, 2.9718074315364618, 3.3193873143151578, 3.600637314315158, 3.788137314315158, 5.369367085852844],[1.076058029436053, 1.7843743010647366, 2.4189490080114755, 3.021493515972982, 3.490243515972982, 3.958993515972982, 4.427743515972982, 4.803624619446351, 5.213704502225047, 5.487142002225047, 5.57878309170451],[0.9442492769256444, 1.6320213815342397, 2.2177308315524686, 2.7554375603732355, 3.2380051614182586, 3.674872588530868, 4.0540590519033675, 4.396535186387004, 4.784061312092217, 5.057498812092216, 5.970627977082765],[1.9268797415482817, 3.047131900860763, 3.8163956805756936, 4.4248048904492485, 4.91461902078678, 5.239503668479583, 5.501053532684907, 5.677656772595155, 5.808043948748196, 5.852805096270457, 5.852805096270457],[0.97295665508522, 1.7779672556679527, 2.534134722065002, 3.227335283882982, 3.8810306020382264, 4.402516723932904, 4.8405453273348265, 5.226920314273359, 5.598976453808517, 5.905550894197907, 7.006824119301689],[2.138541281958992, 3.722001969395955, 5.150583879481168, 6.2300421769238365, 6.3169371476185106, 6.3169371476185106, 6.3169371476185106, 6.3169371476185106, 6.3169371476185106, 6.3169371476185106, 6.3169371476185106],[2.4953244105975845, 4.114518322930169, 5.34155342981603, 6.131504400109217, 6.179093927010179, 6.179093927010179, 6.179093927010179, 6.179093927010179, 6.179093927010179, 6.179093927010179, 6.179093927010179],[3.278026994232562, 5.212219897773764, 6.454777994711317, 6.938742711259199, 6.962098659261307, 6.962098659261307, 6.962098659261306, 6.962098659261306, 6.962098659261306, 6.962098659261307, 6.962098659261306],[3.555503792951565, 5.417470742162756, 6.472737955977391, 6.812630231314667, 6.812630231314668, 6.812630231314668, 6.812630231314668, 6.812630231314667, 6.812630231314669, 6.812630231314668, 6.812630231314668],[6.226890246674059, 6.30823034925898, 6.30823034925898, 6.30823034925898, 6.30823034925898, 6.30823034925898, 6.308230349258979, 6.30823034925898, 6.30823034925898, 6.30823034925898, 6.30823034925898],[5.764975875486379, 6.664762521191831, 6.772154254016852, 6.781793706972624, 6.7819609530428355, 6.781962197583284, 6.781962197630461, 6.7819621976304605, 6.78196219763046, 6.78196219763046, 6.7819621976304605]
]

L = 9

[
[-0.0, -0.0, -0.0, -0.0, -0.0, -0.0, -0.0, -0.0, -0.0, -0.0, -0.0],[0.49999999999999994, 1.0, 1.0, 1.5, 1.5, 1.5, 1.5, 1.5, 1.5, 1.5, 1.5],[0.75, 1.125, 1.5, 2.25, 2.625, 3.0, 3.0, 3.0, 3.0, 3.0, 3.0],[0.8278195311147831, 1.2028195311147831, 1.5778195311147831, 2.202819531114783, 2.452819531114783, 2.702819531114783, 2.952819531114783, 3.202819531114783, 3.202819531114783, 3.202819531114783, 3.202819531114783],[1.0443267782450878, 1.7563416393727198, 2.06884163937272, 2.53759163937272, 2.85009163937272, 3.31884163937272, 3.63134163937272, 4.10009163937272, 4.265775103271224, 4.265775103271224, 4.265775103271224],[0.948382216076679, 1.639649688061643, 2.0456752753191147, 2.5377835711069223, 2.8502835711069223, 3.3190335711069223, 3.6315335711069223, 3.9678304756325753, 4.249080475632574, 4.436580475632574, 4.502899635609069],[1.4630800713618852, 2.443153268280389, 3.1305884973442475, 3.7458091115483976, 4.214559111548398, 4.625381773015858, 4.8331899548302495, 4.8331899548302495, 4.8331899548302495, 4.8331899548302495, 4.8331899548302495],[1.5294822822116454, 2.63000818887486, 3.6647826027683386, 4.258227133883122, 4.258227133883121, 4.258227133883121, 4.258227133883121, 4.258227133883121, 4.258227133883121, 4.258227133883121, 4.258227133883121],[2.540964423910087, 4.043935629901959, 4.616086704070003, 4.616086704070003, 4.616086704070003, 4.616086704070003, 4.616086704070003, 4.616086704070003, 4.616086704070003, 4.616086704070003, 4.616086704070003],[1.6663495824995627, 3.0005029358833295, 3.936158021741589, 4.735906885649458, 5.548943114489635, 5.585881127195303, 5.585881127195303, 5.585881127195303, 5.585881127195303, 5.585881127195303, 5.585881127195303],[3.9821705425652114, 4.600650407584586, 4.600650407584586, 4.600650407584586, 4.600650407584586, 4.600650407584586, 4.600650407584586, 4.600650407584586, 4.600650407584586, 4.600650407584586, 4.600650407584586],[3.014951483479724, 4.834988000849139, 5.544640975463711, 5.544640975463711, 5.544640975463711, 5.544640975463711, 5.544640975463711, 5.544640975463711, 5.544640975463711, 5.544640975463711, 5.544640975463711],[5.085338511159172, 5.126508178217469, 5.126508178217469, 5.126508178217469, 5.126508178217469, 5.126508178217469, 5.126508178217469, 5.126508178217469, 5.126508178217469, 5.126508178217469, 5.126508178217469],[4.96022529557282, 5.5278580503939825, 5.5278580503939825, 5.5278580503939825, 5.5278580503939825, 5.5278580503939825, 5.5278580503939825, 5.5278580503939825, 5.5278580503939825, 5.5278580503939825, 5.5278580503939825],[4.918403410832377, 4.918403410832377, 4.918403410832377, 4.918403410832377, 4.918403410832377, 4.918403410832377, 4.918403410832377, 4.918403410832377, 4.918403410832377, 4.918403410832377, 4.918403410832377],[4.92770256993387, 4.92770256993387, 4.92770256993387, 4.92770256993387, 4.92770256993387, 4.92770256993387, 4.92770256993387, 4.92770256993387, 4.92770256993387, 4.92770256993387, 4.92770256993387],[4.924642550892923, 4.924642550892923, 4.924642550892923, 4.924642550892923, 4.924642550892923, 4.924642550892923, 4.924642550892923, 4.924642550892923, 4.924642550892923, 4.924642550892923, 4.924642550892923],[5.064941768929894, 5.064941768929894, 5.064941768929894, 5.064941768929894, 5.064941768929894, 5.064941768929894, 5.064941768929894, 5.064941768929894, 5.064941768929894, 5.064941768929894, 5.064941768929894],[5.599953595403879, 5.60798278376038, 5.60800177366702, 5.60800177601127, 5.608001776011269, 5.608001776011271, 5.608001776011269, 5.60800177601127, 5.608001776011269, 5.608001776011269, 5.608001776011269]
]

