
L = 4

[-6.406853007629837e-16, -6.406853007629837e-16, -6.406853007629837e-16, -6.406853007629837e-16, -6.406853007629837e-16, -6.406853007629837e-16, -6.406853007629837e-16, -6.406853007629837e-16, -6.406853007629837e-16, -6.406853007629837e-16, -6.406853007629837e-16]
[0.5, 0.5, 0.5, 0.5, 0.5, 0.5, 1.0, 1.0, 1.0, 1.0, 2.0]
[0.49999999999999994, 0.49999999999999994, 0.49999999999999994, 0.49999999999999994, 0.49999999999999994, 0.49999999999999994, 1.0, 1.0, 1.0, 1.0, 1.5]
[0.49999999999999994, 0.49999999999999994, 0.49999999999999994, 1.0, 1.0, 1.0, 1.5, 1.5, 1.5, 1.5, 1.5]
[0.49999999999999994, 0.49999999999999994, 0.49999999999999994, 1.0, 1.0, 1.0, 1.5, 1.5, 1.5, 1.5, 1.5]
[0.311278124459133, 0.8112781244591329, 0.8112781244591329, 0.8112781244591329, 0.8112781244591329, 0.8112781244591329, 0.8112781244591329, 0.8112781244591329, 0.8112781244591329, 0.8112781244591329, 0.8112781244591329]
[0.4999999999999999, 0.9999999999999999, 0.9999999999999999, 1.5, 1.5, 1.5, 1.5, 1.5, 1.5, 1.5, 1.5]
[1.0, 1.5, 1.5, 1.5, 1.5, 1.5, 1.5, 1.5, 1.5, 1.5, 1.5]
[1.8004380183464277, 1.8004380183464277, 1.8004380183464277, 1.8004380183464277, 1.8004380183464277, 1.8004380183464277, 1.8004380183464277, 1.8004380183464277, 1.8004380183464277, 1.8004380183464277]

L = 5

[0.49999999999999994, 0.49999999999999994, 0.49999999999999994, 0.49999999999999994, 0.49999999999999994, 0.49999999999999994, 0.9999999999999999, 0.9999999999999999, 0.9999999999999999, 0.9999999999999999, 0.9999999999999999]
[0.49999999999999994, 0.49999999999999994, 0.49999999999999994, 0.49999999999999994, 0.49999999999999994, 0.49999999999999994, 0.9999999999999999, 0.9999999999999999, 0.9999999999999999, 0.9999999999999999, 0.9999999999999999]
[-6.406853007629837e-16, -6.406853007629837e-16, -6.406853007629837e-16, -6.406853007629837e-16, -6.406853007629837e-16, -6.406853007629837e-16, -6.406853007629837e-16, -6.406853007629837e-16, -6.406853007629837e-16, -6.406853007629837e-16, -6.406853007629837e-16]
[0.49999999999999994, 0.49999999999999994, 0.49999999999999994, 0.9999999999999999, 0.9999999999999999, 0.9999999999999999, 0.9999999999999999, 0.9999999999999999, 0.9999999999999999, 0.9999999999999999, 0.9999999999999999]
[3.203426503814918e-16, 3.203426503814918e-16, 3.203426503814918e-16, 3.203426503814918e-16, 3.203426503814918e-16, 3.203426503814918e-16, 3.203426503814918e-16, 3.203426503814918e-16, 3.203426503814918e-16, 3.203426503814918e-16, 3.203426503814918e-16]
[3.203426503814918e-16, 3.203426503814918e-16, 3.203426503814918e-16, 3.203426503814918e-16, 3.203426503814918e-16, 3.203426503814918e-16, 3.203426503814918e-16, 3.203426503814918e-16, 3.203426503814918e-16, 3.203426503814918e-16, 3.203426503814918e-16]
[0.9999999999999998, 0.9999999999999998, 0.9999999999999998, 0.9999999999999998, 0.9999999999999998, 0.9999999999999998, 0.9999999999999998, 0.9999999999999998, 0.9999999999999998, 0.9999999999999998, 0.9999999999999998]
[0.9999999999999999, 0.9999999999999999, 0.9999999999999999, 0.9999999999999999, 0.9999999999999999, 0.9999999999999999, 0.9999999999999999, 0.9999999999999999, 0.9999999999999999, 0.9999999999999999, 0.9999999999999999]
[0.9999999999999998, 0.9999999999999998, 0.9999999999999998, 0.9999999999999998, 0.9999999999999998, 0.9999999999999998, 0.9999999999999998, 0.9999999999999998, 0.9999999999999998, 0.9999999999999998, 0.9999999999999998]
[1.0, 1.0, 1.0, 1.0, 1.0, 1.0, 1.0, 1.0, 1.0, 1.0, 1.0]
[1.0, 1.0, 1.0, 1.0, 1.0, 1.0, 1.0, 1.0, 1.0, 1.0]

L = 6

[0.49999999999999994, 0.49999999999999994, 0.49999999999999994, 0.49999999999999994, 0.49999999999999994, 0.49999999999999994, 0.9999999999999999, 0.9999999999999999, 0.9999999999999999, 0.9999999999999999, 0.9999999999999999]
[0.5, 0.5, 0.5, 1.0, 1.0, 1.0, 1.5, 1.5, 1.5, 2.0, 2.0]
[0.5, 0.5, 0.5, 1.0, 1.0, 1.0, 1.375, 1.375, 1.375, 1.75, 2.5]
[0.4528195311147832, 0.8801344125147913, 0.8801344125147913, 1.1301344125147912, 1.3801344125147912, 1.3801344125147912, 1.6301344125147912, 1.8801344125147912, 1.8801344125147912, 2.130134412514791, 3.5087730171513334]
[0.2954710028484383, 0.5909420056968766, 0.5909420056968766, 0.8409420056968766, 1.0909420056968766, 1.0909420056968766, 1.3409420056968766, 1.5909420056968766, 1.5909420056968766, 1.8409420056968766, 4.24345348603655]
[0.6951597655573916, 1.0153195311147831, 1.2653195311147831, 1.7653195311147831, 2.015319531114783, 2.265319531114783, 2.515319531114783, 2.972274413893479, 3.179229296672175, 3.386184179450871, 3.9056390622295662]
[0.5454710028484382, 0.7954710028484382, 1.045471002848438, 1.5101326506132555, 1.7256048736866343, 1.93255975646533, 2.139514639244026, 2.553424404801417, 2.7603792875801125, 2.9166292875801125, 4.622664353010482]
[0.8345470080848547, 1.5624197118208916, 2.0209902672208413, 2.686515705399487, 3.1004254709568784, 3.721290119292965, 3.9901914495323005, 4.2440213323109965, 4.2440213323109965, 4.2440213323109965, 4.2440213323109965]
[1.0467809048533718, 1.9341425221758566, 2.432729948211919, 3.064976759332459, 3.348949537032434, 3.7526269803771544, 3.8795419217665024, 3.8795419217665024, 3.8795419217665024, 3.8795419217665024, 3.8795419217665024]
[2.3216632226270204, 2.32166322262702, 2.32166322262702, 2.32166322262702, 2.32166322262702, 2.32166322262702, 2.32166322262702, 2.32166322262702, 2.32166322262702, 2.32166322262702, 2.32166322262702]
[1.3136175106985135, 2.3010238034007884, 3.208250289827333, 4.012233441614685, 4.517502563349389, 4.72688645649009, 4.72688645649009, 4.72688645649009, 4.72688645649009, 4.72688645649009, 4.72688645649009]
[2.7996808009604663, 4.215570597065979, 4.215570597065979, 4.215570597065979, 4.215570597065979, 4.215570597065979, 4.215570597065979, 4.215570597065979, 4.215570597065979, 4.215570597065979, 4.215570597065979]
[4.658750162725024, 4.66808126781048, 4.6680812680017905, 4.66808126800179, 4.6680812680017905, 4.6680812680017905, 4.6680812680017905, 4.66808126800179, 4.6680812680017905, 4.6680812680017905]

L = 7

[0.49999999999999994, 0.49999999999999994, 0.49999999999999994, 0.9999999999999999, 0.9999999999999999, 0.9999999999999999, 0.9999999999999999, 0.9999999999999999, 0.9999999999999999, 0.9999999999999999, 0.9999999999999999]
[0.5, 0.5, 0.5, 1.0, 1.0, 1.0, 1.5, 1.5, 1.5, 2.0, 2.0]
[0.375, 0.75, 0.75, 1.125, 1.5, 1.5, 1.875, 2.25, 2.25, 2.625, 3.0]
[0.5, 0.875, 0.875, 1.25, 1.625, 1.625, 2.0, 2.375, 2.375, 2.625, 2.875]
[0.75, 1.0, 1.25, 1.75, 2.0, 2.25, 2.5, 3.0, 3.25, 3.40625, 3.875]
[0.72859063062704, 1.0777861860269895, 1.3979459515843813, 1.8979459515843813, 2.147945951584381, 2.397945951584381, 2.604900834363077, 3.018810599920469, 3.225765482699165, 3.432720365477861, 3.827100602875999]
[1.0714669444405078, 1.9475676452461785, 2.404522528024874, 3.004060726815543, 3.316560726815543, 3.6934756682048904, 3.866744138207897, 3.922511188381654, 3.922511188381654, 3.922511188381654, 3.922511188381654]
[0.8671615389800182, 1.5775548998487072, 1.991464665406099, 2.612329313742186, 2.924829313742186, 3.383545189109946, 3.654507286343621, 3.968922227732969, 4.21359166480615, 4.358895469912864, 4.59898077417324]
[1.625824397897356, 2.5695475469631157, 3.375691785024638, 3.959113142622029, 4.416121142390435, 4.568033213111596, 4.568033213111596, 4.568033213111596, 4.568033213111596, 4.568033213111596, 4.568033213111596]
[1.5244001747632847, 2.5102829842368646, 3.279754860068429, 3.945972501658807, 4.453084235189036, 4.628925976784111, 4.628925976784111, 4.628925976784111, 4.628925976784111, 4.628925976784111, 4.628925976784111]
[2.8048368938982637, 4.226051679963801, 4.226051679963801, 4.226051679963801, 4.226051679963801, 4.226051679963801, 4.226051679963801, 4.226051679963801, 4.226051679963801, 4.226051679963801, 4.226051679963801]
[2.383845025101955, 3.6359846644784586, 4.570261722790236, 4.843900595213464, 4.843900595213464, 4.843900595213464, 4.843900595213464, 4.843900595213464, 4.843900595213464, 4.843900595213464, 4.843900595213464]
[3.3219115952284763, 3.3219115952284763, 3.3219115952284763, 3.3219115952284763, 3.3219115952284763, 3.3219115952284763, 3.3219115952284763, 3.3219115952284763, 3.3219115952284763, 3.3219115952284763, 3.3219115952284763]
[4.232079405174104, 4.232079405174104, 4.232079405174104, 4.232079405174104, 4.232079405174104, 4.232079405174104, 4.232079405174104, 4.232079405174104, 4.232079405174104, 4.232079405174104, 4.232079405174104]
[5.079621359609286, 5.0896548450633965, 5.08965488848896, 5.089654888488961, 5.089654888488961, 5.08965488848896, 5.08965488848896, 5.089654888488961, 5.089654888488961, 5.089654888488961]

L = 8

[0.49999999999999994, 0.49999999999999994, 0.49999999999999994, 0.9999999999999999, 0.9999999999999999, 0.9999999999999999, 0.9999999999999999, 0.9999999999999999, 0.9999999999999999, 0.9999999999999999, 0.9999999999999999]
[0.5, 1.0, 1.0, 1.5, 2.0, 2.0, 2.0, 2.0, 2.0, 2.0, 2.0]
[0.375, 0.75, 0.75, 1.125, 1.5, 1.5, 1.875, 2.25, 2.25, 2.625, 3.0]
[0.8419363011245782, 1.2169363011245782, 1.5919363011245782, 2.1687811401243815, 2.4187811401243815, 2.668781140124381, 2.918781140124381, 3.2472134756111317, 3.2472134756111317, 3.2472134756111317, 3.247213475611132]
[0.6399274559027326, 0.8899274559027326, 1.1399274559027326, 1.6399274559027326, 1.7961774559027326, 1.9524274559027326, 2.1086774559027326, 2.4211774559027326, 2.5774274559027326, 2.7336774559027326, 4.478086247604883]
[0.7231677763616235, 1.3443402550779824, 1.7216248200748545, 2.2276953300861058, 2.5401953300861058, 2.9464453300861058, 3.1339453300861058, 3.4151953300861058, 3.6964453300861058, 3.8839453300861058, 5.120863188615184]
[0.6048909093923338, 1.097119517196329, 1.3930902254571556, 1.7840167719445563, 2.021274894002965, 2.365598489361945, 2.5951475529345984, 2.9042412571101313, 3.1854912571101317, 3.3729912571101317, 5.834729942875345]
[0.982111225740169, 1.713955863747413, 2.347692283032793, 2.840172464656571, 3.274405943537423, 3.6569048476030637, 4.020643364091111, 4.32514969292795, 4.65327469292795, 4.920445998549387, 6.037871494744162]
[1.2285504591065994, 1.9793087916326473, 2.5363048191916464, 3.031250180443712, 3.4393016812892636, 3.8151827847626336, 4.171930441436892, 4.476562530855486, 4.804687530855486, 5.0653562574701025, 5.682635691494028]
[1.454245082587838, 2.5589269076988796, 3.507437609092844, 4.321999687015007, 5.039125005716149, 5.502940678836231, 5.838240442622791, 6.06938612644936, 6.092104943802913, 6.092104943802913, 6.092104943802913]
[1.0794511285740334, 1.919141251496001, 2.6902356179012945, 3.373392594491178, 4.040760492451696, 4.555784596074567, 5.005998322727811, 5.4176475331952085, 5.800225074931647, 6.100364690462972, 6.857904620602124]
[2.0844521137980503, 3.4316533380278695, 4.457520027058313, 5.261485374549007, 5.901770090540513, 6.343999716921921, 6.695707538391664, 6.893907112252188, 6.912408215057513, 6.912408215057513, 6.912408215057512]
[2.3546057923898793, 4.037885836108667, 5.370233474682912, 6.198075251171232, 6.1980752511712325, 6.1980752511712325, 6.1980752511712325, 6.198075251171232, 6.1980752511712325, 6.1980752511712325, 6.1980752511712325]
[4.0894260017621455, 6.146411329531544, 6.185243518184464, 6.185243518184465, 6.185243518184464, 6.185243518184464, 6.185243518184465, 6.185243518184465, 6.185243518184464, 6.185243518184464, 6.185243518184464]
[3.3399538424568647, 5.182443851821614, 6.358256555964028, 6.950363313690094, 6.9711505891222085, 6.9711505891222085, 6.971150589122208, 6.9711505891222085, 6.9711505891222085, 6.9711505891222085, 6.971150589122208]
[6.260931102589547, 6.358912951812267, 6.358912951812267, 6.358912951812267, 6.358912951812267, 6.358912951812267, 6.358912951812268, 6.358912951812267, 6.358912951812267, 6.358912951812267, 6.358912951812267]
[6.742015245114843, 6.742188932653803, 6.742188932654096, 6.742188932654097, 6.742188932654095, 6.742188932654096, 6.742188932654095, 6.742188932654097, 6.742188932654098, 6.742188932654095]

L = 9

[0.49999999999999994, 0.9999999999999999, 0.9999999999999999, 0.9999999999999999, 0.9999999999999999, 0.9999999999999999, 0.9999999999999999, 0.9999999999999999, 0.9999999999999999, 0.9999999999999999, 0.9999999999999999]
[0.49999999999999994, 1.0, 1.0, 1.5, 1.5, 1.5, 1.5, 1.5, 1.5, 1.5, 1.5]
[0.75, 1.125, 1.5, 2.25, 2.625, 3.0, 3.0, 3.0, 3.0, 3.0, 3.0]
[0.8023148814000081, 1.177314881400008, 1.427314881400008, 1.927314881400008, 2.177314881400008, 2.427314881400008, 2.677314881400008, 3.177314881400008, 3.427314881400008, 3.5559534860365503, 3.5559534860365503]
[0.9111017712542682, 1.6611017712542682, 2.161101771254268, 2.723601771254268, 3.036101771254268, 3.504851771254268, 3.817351771254268, 4.206107511424105, 4.282363251593942, 4.282363251593942, 4.282363251593942]
[0.75, 1.5, 1.9999999999999998, 2.6482223547636594, 3.062132120321051, 3.530882120321051, 3.843382120321051, 4.2128634006628145, 4.4003634006628145, 4.4003634006628145, 4.4003634006628145]
[1.678923827786958, 2.706038476123045, 3.4579534175123934, 4.092528124459133, 4.3737781244591325, 4.3737781244591325, 4.3737781244591325, 4.3737781244591325, 4.3737781244591325, 4.3737781244591325, 4.3737781244591325]
[1.3264396944490096, 2.223260102404296, 3.002795328526252, 3.615478491360181, 4.129014450022912, 4.5416779086513985, 4.875296195890431, 5.041949850247211, 5.063003980091179, 5.06300398009118, 5.06300398009118]
[2.1363487349971644, 3.4622451511126653, 4.352361548666415, 4.999172493104528, 5.233910306545598, 5.233910306545598, 5.233910306545598, 5.233910306545598, 5.233910306545598, 5.233910306545598, 5.233910306545598]
[1.7360170188274404, 3.1156871710852654, 4.237745835264414, 5.0684377784632195, 5.459401515311716, 5.459401515311716, 5.459401515311716, 5.459401515311716, 5.459401515311716, 5.459401515311716, 5.459401515311716]
[3.919806104948844, 4.313509341350455, 4.313509341350455, 4.313509341350455, 4.313509341350455, 4.313509341350455, 4.313509341350455, 4.313509341350455, 4.313509341350455, 4.313509341350455, 4.313509341350455]
[3.6436615105024637, 4.926194794549415, 4.926194794549415, 4.926194794549415, 4.926194794549415, 4.926194794549415, 4.926194794549415, 4.926194794549415, 4.926194794549415, 4.926194794549415, 4.926194794549415]
[5.079203620374141, 5.448356731161775, 5.448356731161775, 5.448356731161775, 5.448356731161775, 5.448356731161775, 5.448356731161775, 5.448356731161775, 5.448356731161775, 5.448356731161775, 5.448356731161775]
[4.838311945821244, 5.549049287787056, 5.549049287787056, 5.549049287787056, 5.549049287787056, 5.549049287787056, 5.549049287787056, 5.549049287787056, 5.549049287787056, 5.549049287787056, 5.549049287787056]
[4.844935776363019, 4.844935776363019, 4.844935776363019, 4.844935776363019, 4.844935776363019, 4.844935776363019, 4.844935776363019, 4.844935776363019, 4.844935776363019, 4.844935776363019, 4.844935776363019]
[4.615443076957631, 4.615443076957631, 4.615443076957631, 4.615443076957631, 4.615443076957631, 4.615443076957631, 4.615443076957631, 4.615443076957631, 4.615443076957631, 4.615443076957631, 4.615443076957631]
[5.3085316655190775, 5.3085316655190775, 5.3085316655190775, 5.3085316655190775, 5.3085316655190775, 5.3085316655190775, 5.3085316655190775, 5.3085316655190775, 5.3085316655190775, 5.3085316655190775, 5.3085316655190775]
[5.27231367957501, 5.27231367957501, 5.27231367957501, 5.27231367957501, 5.27231367957501, 5.27231367957501, 5.27231367957501, 5.27231367957501, 5.27231367957501, 5.27231367957501, 5.27231367957501]
[5.1637011430038555, 5.1637011430038555, 5.1637011430038555, 5.1637011430038555, 5.1637011430038555, 5.1637011430038555, 5.163701143003856, 5.1637011430038555, 5.1637011430038555, 5.1637011430038555]
