
L = 4

[0.49999999999999994, 0.49999999999999994, 0.49999999999999994, 0.49999999999999994, 0.49999999999999994, 0.49999999999999994, 0.49999999999999994, 0.49999999999999994, 0.49999999999999994, 0.49999999999999994, 0.9999999999999999]
[0.5, 0.5, 0.5, 0.5, 0.5, 0.5, 1.0, 1.0, 1.0, 1.0, 2.0]
[0.5, 0.5, 0.5, 0.5, 0.5, 0.5, 1.0, 1.0, 1.0, 1.0, 2.0]
[0.49999999999999994, 0.49999999999999994, 0.49999999999999994, 1.0, 1.0, 1.0, 1.5, 1.5, 1.5, 1.5, 1.5]
[0.311278124459133, 0.311278124459133, 0.311278124459133, 0.8112781244591329, 0.8112781244591329, 0.8112781244591329, 0.8112781244591329, 0.8112781244591329, 0.8112781244591329, 0.8112781244591329, 0.8112781244591329]
[0.49999999999999994, 1.0, 1.0, 1.5, 1.5, 1.5, 1.5, 1.5, 1.5, 1.5, 1.5]
[0.5, 1.0, 1.0, 1.5, 1.5, 1.5, 1.5, 1.5, 1.5, 1.5, 1.5]
[1.0, 1.5, 1.5, 1.5, 1.5, 1.5, 1.5, 1.5, 1.5, 1.5, 1.5]
[1.8004380183464277, 1.8004380183464277, 1.8004380183464277, 1.8004380183464277, 1.8004380183464277, 1.8004380183464277, 1.8004380183464277, 1.8004380183464277, 1.8004380183464277, 1.8004380183464277]

L = 5

[0.49999999999999994, 0.49999999999999994, 0.49999999999999994, 0.49999999999999994, 0.49999999999999994, 0.49999999999999994, 0.9999999999999999, 0.9999999999999999, 0.9999999999999999, 0.9999999999999999, 0.9999999999999999]
[0.49999999999999994, 0.49999999999999994, 0.49999999999999994, 0.49999999999999994, 0.49999999999999994, 0.49999999999999994, 0.9999999999999999, 0.9999999999999999, 0.9999999999999999, 0.9999999999999999, 0.9999999999999999]
[0.49999999999999994, 0.49999999999999994, 0.49999999999999994, 0.9999999999999999, 0.9999999999999999, 0.9999999999999999, 0.9999999999999999, 0.9999999999999999, 0.9999999999999999, 0.9999999999999999, 0.9999999999999999]
[3.203426503814918e-16, 3.203426503814918e-16, 3.203426503814918e-16, 3.203426503814918e-16, 3.203426503814918e-16, 3.203426503814918e-16, 3.203426503814918e-16, 3.203426503814918e-16, 3.203426503814918e-16, 3.203426503814918e-16, 3.203426503814918e-16]
[0.49999999999999994, 1.0, 1.0, 1.0, 1.0, 1.0, 1.0, 1.0, 1.0, 1.0, 1.0]
[0.49999999999999994, 0.9999999999999999, 0.9999999999999999, 0.9999999999999999, 0.9999999999999999, 0.9999999999999999, 0.9999999999999999, 0.9999999999999999, 0.9999999999999999, 0.9999999999999999, 0.9999999999999999]
[1.0, 1.0, 1.0, 1.0, 1.0, 1.0, 1.0, 1.0, 1.0, 1.0, 1.0]
[1.0, 1.0, 1.0, 1.0, 1.0, 1.0, 1.0, 1.0, 1.0, 1.0, 1.0]
[0.9999999999999999, 0.9999999999999999, 0.9999999999999999, 0.9999999999999999, 0.9999999999999999, 0.9999999999999999, 0.9999999999999999, 0.9999999999999999, 0.9999999999999999, 0.9999999999999999, 0.9999999999999999]
[1.0000000000000004, 1.0000000000000004, 1.0000000000000004, 1.0000000000000004, 1.0000000000000004, 1.0000000000000004, 1.0000000000000004, 1.0000000000000004, 1.0000000000000004, 1.0000000000000004, 1.0000000000000004]
[1.0, 1.0, 1.0, 1.0, 1.0, 1.0, 1.0, 1.0, 1.0, 1.0]

L = 6

[-6.406853007629837e-16, -6.406853007629837e-16, -6.406853007629837e-16, -6.406853007629837e-16, -6.406853007629837e-16, -6.406853007629837e-16, -6.406853007629837e-16, -6.406853007629837e-16, -6.406853007629837e-16, -6.406853007629837e-16, -6.406853007629837e-16]
[0.49999999999999994, 0.49999999999999994, 0.49999999999999994, 1.0, 1.0, 1.0, 1.5, 1.5, 1.5, 1.5, 1.5]
[0.5, 0.5, 0.5, 0.875, 0.875, 0.875, 1.25, 1.25, 1.25, 1.625, 2.75]
[0.47552455846027003, 0.8505245584602701, 0.8505245584602701, 1.22552455846027, 1.60052455846027, 1.60052455846027, 1.85052455846027, 2.10052455846027, 2.10052455846027, 2.35052455846027, 3.275219009173214]
[0.3349362631784599, 0.6550960287358516, 0.6550960287358516, 0.9752557942932432, 1.2707267971416814, 1.2707267971416814, 1.5661977999901198, 1.8161977999901198, 1.8161977999901198, 2.0661977999901198, 4.069879754956899]
[0.6464275702924938, 0.9527050864801385, 1.2027050864801385, 1.6798383836884079, 1.8528270515177516, 2.009077051517752, 2.165327051517752, 2.477827051517752, 2.634077051517752, 2.790327051517752, 4.5509578219554445]
[0.6825371947428984, 1.00269696030029, 1.3069645555736473, 1.8069645555736473, 2.0325398690128753, 2.239494751791571, 2.446449634570267, 2.758949634570267, 2.915199634570267, 3.071449634570267, 4.266910113648063]
[1.0185508763572906, 1.8797384475187378, 2.418342744190913, 3.101554658084392, 3.385527435784367, 3.7662722599524097, 3.8931872013417577, 3.8931872013417577, 3.8931872013417577, 3.8931872013417577, 3.8931872013417577]
[1.0019482359795575, 1.7562042859924762, 2.2052125314568416, 2.8136150716031874, 3.1853392361029895, 3.6669402732890637, 3.926906812321684, 4.135595652069756, 4.135595652069757, 4.135595652069757, 4.135595652069757]
[1.6485455948487193, 2.7725814806813682, 3.6744844792762796, 4.217403208863469, 4.21740320886347, 4.21740320886347, 4.21740320886347, 4.21740320886347, 4.21740320886347, 4.21740320886347, 4.21740320886347]
[1.369519385592553, 2.3067972473963345, 3.1051105514659953, 3.7624009122656004, 4.293833207328721, 4.699372473452491, 4.899172803014408, 4.899172803014407, 4.899172803014407, 4.899172803014407, 4.899172803014407]
[2.5581807204086338, 3.9539411815437373, 4.580331741529204, 4.580331741529205, 4.580331741529205, 4.580331741529205, 4.580331741529205, 4.580331741529205, 4.580331741529205, 4.580331741529205, 4.580331741529205]
[4.715621331820977, 4.753311299353464, 4.753315923269932, 4.753315923270227, 4.753315923270227, 4.753315923270227, 4.753315923270227, 4.753315923270227, 4.753315923270227, 4.753315923270227]

L = 7

[0.49999999999999994, 0.49999999999999994, 0.49999999999999994, 0.9999999999999999, 0.9999999999999999, 0.9999999999999999, 0.9999999999999999, 0.9999999999999999, 0.9999999999999999, 0.9999999999999999, 0.9999999999999999]
[0.5, 0.5, 0.5, 1.0, 1.0, 1.0, 1.5, 1.5, 1.5, 2.0, 2.0]
[0.375, 0.75, 0.75, 1.125, 1.5, 1.5, 1.875, 2.25, 2.25, 2.625, 3.0]
[0.4528195311147832, 0.8278195311147831, 0.8278195311147831, 1.2028195311147831, 1.5778195311147831, 1.5778195311147831, 1.8278195311147831, 2.077819531114783, 2.077819531114783, 2.327819531114783, 3.327819531114783]
[0.75, 1.0701597655573916, 1.3903195311147831, 2.0306390622295662, 2.350798827786958, 2.600798827786958, 2.850798827786958, 3.350798827786958, 3.507048827786958, 3.507048827786958, 3.507048827786958]
[0.6429109838510263, 0.9302603514379512, 1.217609719024876, 1.7923084541987255, 2.0659790081237377, 2.332062530142063, 2.582062530142063, 2.9959722956994552, 3.2029271784781512, 3.4098820612568472, 3.9145498476902665]
[1.119199433800028, 1.8054395942786987, 2.2193493598360905, 2.8259475477128784, 3.1384475477128784, 3.5914699449167333, 3.8452998276954293, 4.038528791021865, 4.038528791021865, 4.038528791021865, 4.038528791021865]
[0.8789663304472068, 1.686872775455469, 2.145443330855419, 2.766307979191507, 3.1683654096068814, 3.6777873821110116, 3.9617601598109866, 4.215590042589683, 4.215590042589682, 4.215590042589682, 4.215590042589682]
[2.0964857869784255, 3.302701073813412, 3.302701073813412, 3.302701073813412, 3.302701073813412, 3.302701073813412, 3.302701073813412, 3.302701073813412, 3.302701073813412, 3.302701073813412, 3.302701073813412]
[1.9166707358862072, 2.9642728612067235, 3.737062545673813, 4.002894641880117, 4.0028946418801175, 4.0028946418801175, 4.0028946418801175, 4.0028946418801175, 4.0028946418801175, 4.0028946418801175, 4.0028946418801175]
[2.612998878906854, 3.9829674572401754, 4.549320254531396, 4.549320254531397, 4.549320254531397, 4.549320254531397, 4.549320254531397, 4.549320254531397, 4.549320254531397, 4.549320254531397, 4.549320254531397]
[2.2607793790649238, 3.701466153239174, 4.718155554737057, 4.9294962145147565, 4.9294962145147565, 4.9294962145147565, 4.9294962145147565, 4.9294962145147565, 4.9294962145147565, 4.9294962145147565, 4.9294962145147565]
[4.015181464329232, 4.732203432540492, 4.732203432540492, 4.732203432540492, 4.732203432540492, 4.732203432540492, 4.732203432540492, 4.732203432540492, 4.732203432540492, 4.732203432540492, 4.732203432540492]
[4.230244514405491, 4.2302445144054905, 4.2302445144054905, 4.2302445144054905, 4.2302445144054905, 4.2302445144054905, 4.2302445144054905, 4.2302445144054905, 4.2302445144054905, 4.2302445144054905, 4.2302445144054905]
[4.429376853800031, 4.429455327204597, 4.429455327215041, 4.429455327215041, 4.429455327215041, 4.429455327215041, 4.429455327215041, 4.429455327215041, 4.429455327215041, 4.429455327215041]

L = 8

[0.49999999999999994, 0.49999999999999994, 0.49999999999999994, 0.9999999999999999, 0.9999999999999999, 0.9999999999999999, 0.9999999999999999, 0.9999999999999999, 0.9999999999999999, 0.9999999999999999, 0.9999999999999999]
[0.49999999999999994, 1.0, 1.0, 1.0, 1.0, 1.0, 1.0, 1.0, 1.0, 1.0, 1.0]
[0.5, 0.875, 0.875, 1.25, 1.625, 1.625, 2.0, 2.375, 2.375, 2.75, 2.75]
[0.625, 0.875, 1.125, 1.625, 1.875, 2.125, 2.375, 2.875, 3.125, 3.375, 3.875]
[0.61563076840583, 0.9111017712542683, 1.1611017712542684, 1.6611017712542684, 1.9111017712542684, 2.1611017712542684, 2.3173517712542684, 2.6298517712542684, 2.7861017712542684, 2.9423517712542684, 4.344863251593942]
[0.7799599281805472, 1.4624901243984698, 1.8256950071771656, 2.2944450071771656, 2.6069450071771656, 3.075695007177166, 3.388195007177166, 3.731945007177166, 4.013195007177166, 4.200695007177166, 4.852112706657235]
[0.7500000000000001, 1.3632048827786958, 1.675704882778696, 2.144454882778696, 2.456954882778696, 2.925704882778696, 3.238204882778696, 3.706954882778696, 4.08769970694674, 4.341529589725436, 4.843444531114784]
[1.4792852776999748, 2.3112401604786705, 3.0924901604786705, 3.7865428209573415, 4.323892188544266, 4.792642188544266, 4.792642188544266, 4.792642188544266, 4.792642188544266, 4.792642188544266, 4.792642188544266]
[0.9029735275693872, 1.5041957085664899, 2.0589099835869864, 2.5723402575117125, 3.0224961151818457, 3.438195104330276, 3.8188099023049746, 4.190859532370063, 4.550564983162878, 4.783171079132877, 6.206618951839509]
[1.2546951829707815, 2.2100222626081565, 3.035431660682519, 3.7418252170760686, 4.391310722050524, 4.910368358779582, 5.365888283361035, 5.735617504147493, 6.014485332367569, 6.203756028059051, 6.607664062099586]
[1.2619184380586024, 2.2242750226168293, 3.061078985961246, 3.7798836044405295, 4.389467463142994, 4.874065073664112, 5.287132622907443, 5.620998404933027, 5.926517581798347, 6.173051883535029, 6.624123656939003]
[2.1926231555352316, 3.6728853432523567, 4.833689675866785, 5.617356298200228, 6.164318406497915, 6.470224871055881, 6.652413215182737, 6.6797870065328535, 6.679787006532854, 6.6797870065328535, 6.679787006532854]
[1.7506157653289707, 2.968170158452606, 4.141730677816773, 5.11420791994395, 5.711712543890935, 6.2229411907073935, 6.699001041024348, 7.065033382997015, 7.105890572329502, 7.105890572329502, 7.105890572329502]
[5.273546200573078, 5.388547503426249, 5.388547503426249, 5.388547503426249, 5.388547503426249, 5.388547503426249, 5.388547503426249, 5.388547503426249, 5.388547503426249, 5.388547503426249, 5.388547503426249]
[4.0416159789958, 6.165244332986639, 6.210020621185401, 6.210020621185402, 6.210020621185401, 6.210020621185401, 6.210020621185402, 6.210020621185402, 6.210020621185401, 6.210020621185401, 6.210020621185401]
[5.407430384350347, 6.886594948302998, 6.886594948302997, 6.886594948302998, 6.886594948302998, 6.886594948302997, 6.886594948302997, 6.886594948302998, 6.886594948302998, 6.886594948302998, 6.886594948302997]
[7.228004613307961, 7.232931107039416, 7.232931125722221, 7.232931125722221, 7.232931125722221, 7.232931125722221, 7.232931125722221, 7.232931125722221, 7.232931125722221, 7.232931125722221]

L = 9

[0.49999999999999994, 0.9999999999999999, 0.9999999999999999, 0.9999999999999999, 0.9999999999999999, 0.9999999999999999, 0.9999999999999999, 0.9999999999999999, 0.9999999999999999, 0.9999999999999999, 0.9999999999999999]
[0.49999999999999994, 1.0, 1.0, 1.5, 1.5, 1.5, 1.5, 1.5, 1.5, 1.5, 1.5]
[0.875, 1.25, 1.625, 2.375, 2.75, 2.75, 2.75, 2.75, 2.75, 2.75, 2.75]
[0.8505245584602701, 1.22552455846027, 1.60052455846027, 2.22552455846027, 2.47552455846027, 2.72552455846027, 2.97552455846027, 3.150219009173214, 3.150219009173214, 3.150219009173214, 3.150219009173214]
[1.0701597655573918, 2.0306390622295662, 2.5306390622295667, 2.9993890622295667, 3.3118890622295667, 3.780639062229567, 3.780639062229567, 3.780639062229567, 3.780639062229567, 3.780639062229567, 3.780639062229567]
[0.8246987351738496, 1.5746987351738495, 2.0746987351738495, 2.8246987351738495, 3.2386085007312415, 3.7721430657281134, 3.9596430657281134, 4.191239154738815, 4.235335243749516, 4.235335243749516, 4.235335243749516]
[1.5601794680145968, 2.6172842768293556, 3.445330497496034, 4.079905204442774, 4.466043462452561, 4.466043462452561, 4.466043462452561, 4.466043462452561, 4.466043462452561, 4.466043462452561, 4.466043462452561]
[1.7489874232335716, 2.8684394976057206, 3.643339935784366, 4.150999701341758, 4.150999701341758, 4.150999701341758, 4.150999701341758, 4.150999701341758, 4.150999701341758, 4.150999701341758, 4.150999701341758]
[2.383209197107938, 3.7406093374640763, 4.707045647749014, 4.837877096291042, 4.837877096291042, 4.837877096291042, 4.837877096291042, 4.837877096291042, 4.837877096291042, 4.837877096291042, 4.837877096291042]
[2.522587147100712, 4.057230642011169, 4.627832509334526, 4.627832509334527, 4.627832509334527, 4.627832509334527, 4.627832509334527, 4.627832509334527, 4.627832509334527, 4.627832509334527, 4.627832509334527]
[3.44921834546767, 5.110803568270995, 5.110803568270995, 5.110803568270995, 5.110803568270995, 5.110803568270995, 5.110803568270995, 5.110803568270995, 5.110803568270995, 5.110803568270995, 5.110803568270995]
[4.128224544996649, 4.591422668780959, 4.591422668780959, 4.591422668780959, 4.591422668780959, 4.591422668780959, 4.591422668780959, 4.591422668780959, 4.591422668780959, 4.591422668780959, 4.591422668780959]
[5.057033582397867, 5.057033582397867, 5.057033582397867, 5.057033582397867, 5.057033582397867, 5.057033582397867, 5.057033582397867, 5.057033582397867, 5.057033582397867, 5.057033582397867, 5.057033582397867]
[4.648800448821159, 4.648800448821159, 4.648800448821159, 4.648800448821159, 4.648800448821159, 4.648800448821159, 4.648800448821159, 4.648800448821159, 4.648800448821159, 4.648800448821159, 4.648800448821159]
[4.581954945792777, 4.581954945792777, 4.581954945792777, 4.581954945792777, 4.581954945792777, 4.581954945792777, 4.581954945792777, 4.581954945792777, 4.581954945792777, 4.581954945792777, 4.581954945792777]
[4.147004748612247, 4.147004748612247, 4.147004748612247, 4.147004748612247, 4.147004748612247, 4.147004748612247, 4.147004748612247, 4.147004748612247, 4.147004748612247, 4.147004748612247, 4.147004748612247]
[5.777774967235539, 5.777774967235539, 5.777774967235539, 5.777774967235539, 5.777774967235539, 5.777774967235539, 5.777774967235538, 5.777774967235539, 5.777774967235539, 5.777774967235539, 5.777774967235539]
[5.242253623827309, 5.242253623827309, 5.242253623827309, 5.242253623827309, 5.242253623827309, 5.242253623827309, 5.242253623827309, 5.242253623827309, 5.242253623827309, 5.242253623827309, 5.242253623827309]
[5.61822223449935, 5.61822223449935, 5.618222234499349, 5.61822223449935, 5.61822223449935, 5.618222234499349, 5.618222234499349, 5.61822223449935, 5.618222234499349, 5.61822223449935]
