
L = 4

[
[0.49999999999999994, 0.49999999999999994, 0.49999999999999994, 0.49999999999999994, 0.49999999999999994, 0.49999999999999994, 0.49999999999999994, 0.49999999999999994, 0.49999999999999994, 0.49999999999999994, 0.9999999999999999],[0.49999999999999994, 0.49999999999999994, 0.49999999999999994, 0.49999999999999994, 0.49999999999999994, 0.49999999999999994, 1.0, 1.0, 1.0, 1.0, 1.5],[0.49999999999999994, 0.49999999999999994, 0.49999999999999994, 0.49999999999999994, 0.49999999999999994, 0.49999999999999994, 1.0, 1.0, 1.0, 1.0, 1.5],[0.49999999999999994, 0.49999999999999994, 0.49999999999999994, 1.0, 1.0, 1.0, 1.5, 1.5, 1.5, 1.5, 1.5],[0.49999999999999994, 0.49999999999999994, 0.49999999999999994, 1.0, 1.0, 1.0, 1.5, 1.5, 1.5, 1.5, 1.5],[0.5, 1.0, 1.0, 1.5, 2.0, 2.0, 2.0, 2.0, 2.0, 2.0, 2.0],[0.5, 1.0, 1.0, 1.5, 2.0, 2.0, 2.0, 2.0, 2.0, 2.0, 2.0],[1.0000000000000002, 1.0000000000000002, 1.0000000000000002, 1.0000000000000002, 1.0000000000000002, 1.0000000000000002, 1.0000000000000002, 1.0000000000000002, 1.0000000000000002, 1.0000000000000002, 1.0000000000000002],[1.0, 1.0, 1.0, 1.0, 1.0, 1.0, 1.0, 1.0, 1.0, 1.0, 1.0]
]

L = 5

[
[0.49999999999999994, 0.49999999999999994, 0.49999999999999994, 0.49999999999999994, 0.49999999999999994, 0.49999999999999994, 0.9999999999999999, 0.9999999999999999, 0.9999999999999999, 0.9999999999999999, 0.9999999999999999],[0.49999999999999994, 0.49999999999999994, 0.49999999999999994, 0.49999999999999994, 0.49999999999999994, 0.49999999999999994, 1.0, 1.0, 1.0, 1.0, 1.0],[0.49999999999999994, 0.49999999999999994, 0.49999999999999994, 1.0, 1.0, 1.0, 1.0, 1.0, 1.0, 1.0, 1.0],[0.49999999999999994, 0.49999999999999994, 0.49999999999999994, 0.9999999999999999, 0.9999999999999999, 0.9999999999999999, 0.9999999999999999, 0.9999999999999999, 0.9999999999999999, 0.9999999999999999, 0.9999999999999999],[0.49999999999999994, 0.9999999999999999, 0.9999999999999999, 0.9999999999999999, 0.9999999999999999, 0.9999999999999999, 0.9999999999999999, 0.9999999999999999, 0.9999999999999999, 0.9999999999999999, 0.9999999999999999],[0.49999999999999994, 0.9999999999999999, 0.9999999999999999, 0.9999999999999999, 0.9999999999999999, 0.9999999999999999, 0.9999999999999999, 0.9999999999999999, 0.9999999999999999, 0.9999999999999999, 0.9999999999999999],[0.9999999999999999, 0.9999999999999999, 0.9999999999999999, 0.9999999999999999, 0.9999999999999999, 0.9999999999999999, 0.9999999999999999, 0.9999999999999999, 0.9999999999999999, 0.9999999999999999, 0.9999999999999999],[0.9999999999999996, 0.9999999999999996, 0.9999999999999996, 0.9999999999999996, 0.9999999999999996, 0.9999999999999996, 0.9999999999999996, 0.9999999999999996, 0.9999999999999996, 0.9999999999999996, 0.9999999999999996],[0.9999999999999998, 0.9999999999999998, 0.9999999999999998, 0.9999999999999998, 0.9999999999999998, 0.9999999999999998, 0.9999999999999998, 0.9999999999999998, 0.9999999999999998, 0.9999999999999998, 0.9999999999999998],[-6.406853007629837e-16, -6.406853007629837e-16, -6.406853007629837e-16, -6.406853007629837e-16, -6.406853007629837e-16, -6.406853007629837e-16, -6.406853007629837e-16, -6.406853007629837e-16, -6.406853007629837e-16, -6.406853007629837e-16, -6.406853007629837e-16],[-0.0, -0.0, -0.0, -0.0, -0.0, -0.0, -0.0, -0.0, -0.0, -0.0, -0.0]
]

L = 6

[
[0.49999999999999994, 0.49999999999999994, 0.49999999999999994, 0.49999999999999994, 0.49999999999999994, 0.49999999999999994, 0.9999999999999999, 0.9999999999999999, 0.9999999999999999, 0.9999999999999999, 0.9999999999999999],[0.49999999999999994, 0.49999999999999994, 0.49999999999999994, 1.0, 1.0, 1.0, 1.5, 1.5, 1.5, 1.5, 1.5],[0.5, 0.5, 0.5, 1.0, 1.0, 1.0, 1.375, 1.375, 1.375, 1.75, 2.5],[0.4273148814000081, 0.6773148814000082, 0.6773148814000082, 0.9273148814000082, 1.177314881400008, 1.177314881400008, 1.427314881400008, 1.677314881400008, 1.677314881400008, 1.927314881400008, 3.8059534860365503],[0.4528195311147833, 0.871268266288633, 0.871268266288633, 1.121268266288633, 1.371268266288633, 1.371268266288633, 1.621268266288633, 1.871268266288633, 1.871268266288633, 2.121268266288633, 3.5900182662886335],[0.6403195311147831, 0.9604792966721747, 1.2104792966721747, 1.7104792966721747, 1.9604792966721747, 2.2104792966721747, 2.4604792966721747, 2.8236841794508707, 2.9799341794508707, 3.1361841794508707, 4.167434179450871],[0.6266127307764761, 0.8766127307764762, 1.1099412911696451, 1.5335518042902456, 1.7405066870689414, 1.9474615698476367, 2.1544164526263323, 2.5683262181837234, 2.760954485087948, 2.9517507369735787, 4.538677851905588],[0.9084093068823381, 1.726864287722266, 2.1854348431222155, 2.828629886379581, 3.2425396519369722, 3.717473934009078, 3.9780812268395, 4.167828728364732, 4.167828728364732, 4.167828728364732, 4.167828728364732],[0.9505762377488818, 1.788874367812591, 2.278704996976154, 2.904450829461345, 3.2699251970482703, 3.731161256110132, 3.973595551172777, 4.107969404232674, 4.107969404232673, 4.107969404232673, 4.107969404232673],[1.6066697621288657, 2.5724606709291815, 3.3936763564513437, 3.9589318315334436, 4.423174477447431, 4.575726520706043, 4.575726520706043, 4.575726520706043, 4.575726520706043, 4.575726520706043, 4.575726520706043],[1.5022627197551182, 2.6334955424770365, 3.5808119320414464, 4.289298885499643, 4.289298885499644, 4.289298885499644, 4.289298885499644, 4.289298885499644, 4.289298885499644, 4.289298885499644, 4.289298885499644],[3.317227007801613, 3.3172270078016135, 3.3172270078016135, 3.3172270078016135, 3.3172270078016135, 3.3172270078016135, 3.3172270078016135, 3.3172270078016135, 3.3172270078016135, 3.3172270078016135, 3.3172270078016135],[2.4814564519872078, 4.104247246461284, 4.561360311401823, 4.673556341758309, 4.674416172632419, 4.674416432260804, 4.674416432304703, 4.674416432304703, 4.674416432304703, 4.674416432304703, 4.674416432304703]
]

L = 7

[
[-6.406853007629837e-16, -6.406853007629837e-16, -6.406853007629837e-16, -6.406853007629837e-16, -6.406853007629837e-16, -6.406853007629837e-16, -6.406853007629837e-16, -6.406853007629837e-16, -6.406853007629837e-16, -6.406853007629837e-16, -6.406853007629837e-16],[0.5, 0.5, 0.5, 1.0, 1.0, 1.0, 1.5, 1.5, 1.5, 2.0, 2.0],[0.5, 1.0, 1.0, 1.375, 1.75, 1.75, 2.125, 2.5, 2.5, 2.5, 2.5],[0.4528195311147832, 0.8278195311147831, 0.8278195311147831, 1.0778195311147831, 1.3278195311147831, 1.3278195311147831, 1.5778195311147831, 1.8278195311147831, 1.8278195311147831, 2.077819531114783, 3.577819531114783],[0.7000180693183959, 1.0201778348757875, 1.340337600433179, 1.955968368839009, 2.205968368839009, 2.455968368839009, 2.705968368839009, 3.15174449167097, 3.30799449167097, 3.46424449167097, 3.8024032833731196],[0.6951597655573916, 1.0153195311147831, 1.3354792966721747, 1.8354792966721747, 2.0854792966721747, 2.3354792966721742, 2.5424341794508702, 2.9563439450082623, 3.1125939450082623, 3.2688439450082623, 4.018843945008262],[0.9716565141131699, 1.7326586299123754, 2.1739261018973393, 2.7947907502334273, 3.208700515790819, 3.689374145529152, 3.943204028307848, 4.156435308649612, 4.156435308649612, 4.156435308649612, 4.156435308649612],[0.9280561012902556, 1.7743643019469684, 2.210604462425639, 2.831469110761727, 3.245378876319119, 3.7203131583912232, 3.9892144886305587, 4.141816181643155, 4.141816181643155, 4.141816181643155, 4.141816181643155],[1.5745231505337816, 2.5940171737421105, 3.306284427265031, 3.940859134211771, 4.357254562548629, 4.619833323261749, 4.619833323261748, 4.619833323261748, 4.619833323261748, 4.619833323261748, 4.619833323261748],[1.5244001747632847, 2.5102829842368646, 3.279754860068429, 3.945972501658807, 4.453084235189036, 4.628925976784111, 4.628925976784112, 4.628925976784112, 4.628925976784112, 4.628925976784112, 4.628925976784112],[2.758260466251259, 4.213975387863371, 4.21397538786337, 4.21397538786337, 4.21397538786337, 4.21397538786337, 4.21397538786337, 4.21397538786337, 4.21397538786337, 4.21397538786337, 4.21397538786337],[2.7516053157352025, 4.177218920271465, 4.177218920271466, 4.177218920271466, 4.177218920271466, 4.177218920271466, 4.177218920271466, 4.177218920271466, 4.177218920271466, 4.177218920271466, 4.177218920271466],[4.031586970600117, 4.6384752769401025, 4.6384752769401025, 4.6384752769401025, 4.6384752769401025, 4.6384752769401025, 4.6384752769401025, 4.6384752769401025, 4.6384752769401025, 4.6384752769401025, 4.6384752769401025],[3.5396947789496673, 4.864510473488844, 4.864510473488844, 4.864510473488844, 4.864510473488844, 4.864510473488844, 4.864510473488844, 4.864510473488844, 4.864510473488844, 4.864510473488844, 4.864510473488844],[3.2964079628954237, 4.800069723267467, 5.2032638921190175, 5.335430409721982, 5.357122629941602, 5.359194490559045, 5.359642278736065, 5.359642710472953, 5.359642710504387, 5.359642710504387, 5.359642710504387]
]

L = 8

[
[-0.0, -0.0, -0.0, -0.0, -0.0, -0.0, -0.0, -0.0, -0.0, -0.0, -0.0],[0.5, 1.0, 1.0, 1.5, 2.0, 2.0, 2.0, 2.0, 2.0, 2.0, 2.0],[0.5, 0.875, 0.875, 1.25, 1.625, 1.625, 2.0, 2.375, 2.375, 2.75, 2.75],[0.75, 1.125, 1.5, 2.125, 2.375, 2.625, 2.875, 3.375, 3.375, 3.375, 3.375],[0.6399274559027326, 0.8899274559027326, 1.1399274559027326, 1.5461774559027326, 1.7024274559027326, 1.8586774559027326, 2.0149274559027326, 2.3274274559027326, 2.4836774559027326, 2.6399274559027326, 4.540586247604883],[0.6482223547636594, 1.2141492022589682, 1.5266492022589682, 1.9953992022589682, 2.307899202258968, 2.776649202258968, 3.089149202258968, 3.3961304826007317, 3.6773804826007312, 3.8648804826007312, 5.215918749632835],[0.5519865267978367, 0.993012903594993, 1.2719353039462993, 1.6526801281143433, 1.8943696012900189, 2.2386931966489985, 2.468242260221652, 2.7778409733028195, 3.05909097330282, 3.24659097330282, 5.934489824678288],[0.8948067059136362, 1.524017260721967, 2.0971576692639493, 2.61271017154603, 3.079191605558275, 3.515496126852057, 3.8773715554555657, 4.203624926157695, 4.534866981228395, 4.808304481228394, 6.183799371218272],[0.9310888427995783, 1.5881764889078018, 2.208629792738093, 2.7483071345306707, 3.2557321686041183, 3.7284249756424566, 4.156123682907528, 4.516125790183286, 4.878757724005933, 5.152195224005933, 5.90809306053556],[1.1964522509305824, 2.028118850031506, 2.755467627919381, 3.3921269156807505, 4.018075976932573, 4.49307720892639, 4.92755206239976, 5.36202691587313, 5.817986032261999, 6.15064614876022, 6.813961505997977],[1.4615013498923273, 2.4605067469285156, 3.277355175975115, 3.9713172841617426, 4.622366040404097, 5.111582951461282, 5.509978634602627, 5.84101728227053, 6.101856345450708, 6.27880939242781, 6.3736776127014245],[2.2712158533205153, 3.8290620985599677, 4.985345249223501, 5.7015889726670475, 6.194919769085459, 6.465900373524641, 6.576244170125429, 6.576244170125429, 6.576244170125428, 6.576244170125429, 6.576244170125428],[2.137824136408913, 3.4765017446116158, 4.5840096522774125, 5.340085770827974, 5.888924140143769, 6.273065067723101, 6.598376837625324, 6.845123492717875, 6.876642805230323, 6.876642805230322, 6.876642805230324],[3.1725463784805688, 5.134320138487908, 6.46757045924972, 6.982721078099845, 7.013453331107118, 7.013453331107117, 7.013453331107117, 7.013453331107117, 7.013453331107117, 7.013453331107118, 7.013453331107117],[3.4975245001845368, 5.4302035122044545, 6.471121927298391, 6.829978460817394, 6.831643653321797, 6.831643653321797, 6.831643653321796, 6.831643653321797, 6.831643653321796, 6.831643653321797, 6.831643653321797],[5.345189245497115, 6.911919727265266, 6.911919727265267, 6.911919727265266, 6.911919727265266, 6.911919727265267, 6.911919727265266, 6.911919727265266, 6.911919727265267, 6.911919727265266, 6.911919727265267],[5.006319153323728, 6.7894805814564805, 7.155620279417428, 7.258203401656925, 7.289003628791044, 7.296760526475276, 7.298464614134177, 7.298660574425953, 7.298661674584202, 7.298661674786004, 7.298661674786003]
]

L = 9

[
[0.49999999999999994, 0.9999999999999999, 0.9999999999999999, 0.9999999999999999, 0.9999999999999999, 0.9999999999999999, 0.9999999999999999, 0.9999999999999999, 0.9999999999999999, 0.9999999999999999, 0.9999999999999999],[0.49999999999999994, 1.0, 1.0, 1.5, 1.5, 1.5, 1.5, 1.5, 1.5, 1.5, 1.5],[0.875, 1.25, 1.625, 2.375, 2.75, 2.75, 2.75, 2.75, 2.75, 2.75, 2.75],[0.875, 1.25, 1.5, 2.0, 2.25, 2.5, 2.75, 3.25, 3.25, 3.25, 3.25],[1.1159755193827658, 1.833370281161924, 2.1458702811619244, 2.6146202811619244, 2.9271202811619244, 3.3958702811619244, 3.7083702811619244, 4.100979846014514, 4.100979846014514, 4.100979846014514, 4.100979846014514],[0.8494551055984229, 1.5567436278213294, 1.970653393378721, 2.439403393378721, 2.751903393378721, 3.220653393378721, 3.4740226689402918, 3.7552726689402918, 4.036522668940291, 4.224022668940291, 4.75640214011072],[1.8042557898558589, 2.8907877280665524, 3.5546974936239435, 4.117370906598373, 4.178278263712908, 4.178278263712908, 4.178278263712908, 4.178278263712908, 4.178278263712908, 4.178278263712908, 4.178278263712908],[1.5645293643374134, 2.6408375720153945, 3.476316868687569, 4.073896751466265, 4.485010472160939, 4.485010472160939, 4.485010472160939, 4.485010472160939, 4.485010472160939, 4.485010472160939, 4.485010472160939],[2.18223875834084, 3.4231348236240438, 4.21680671917619, 4.927591484733581, 5.2577460827021305, 5.2577460827021305, 5.2577460827021305, 5.2577460827021305, 5.2577460827021305, 5.2577460827021305, 5.2577460827021305],[1.966595346818595, 3.1446992981643898, 4.162413043999535, 4.87263231952812, 5.434353758042794, 5.458130341181337, 5.458130341181337, 5.458130341181337, 5.458130341181337, 5.458130341181337, 5.458130341181337],[3.0459178817834642, 5.027171098127487, 5.474321382798267, 5.474321382798267, 5.474321382798267, 5.474321382798267, 5.474321382798267, 5.474321382798267, 5.474321382798267, 5.474321382798267, 5.474321382798267],[3.3543834917602093, 5.20441123075622, 5.20441123075622, 5.20441123075622, 5.20441123075622, 5.20441123075622, 5.20441123075622, 5.20441123075622, 5.20441123075622, 5.20441123075622, 5.20441123075622],[4.974996663896766, 5.045540895569834, 5.045540895569834, 5.045540895569834, 5.045540895569834, 5.045540895569834, 5.045540895569834, 5.045540895569834, 5.045540895569834, 5.045540895569834, 5.045540895569834],[4.306524838516341, 4.306524838516341, 4.306524838516341, 4.306524838516341, 4.306524838516341, 4.306524838516341, 4.306524838516341, 4.306524838516341, 4.306524838516341, 4.306524838516341, 4.306524838516341],[3.996778256854039, 3.996778256854039, 3.996778256854039, 3.996778256854039, 3.996778256854039, 3.996778256854039, 3.996778256854039, 3.996778256854039, 3.996778256854039, 3.996778256854039, 3.996778256854039],[5.250980466254703, 5.250980466254703, 5.250980466254703, 5.250980466254703, 5.250980466254703, 5.250980466254703, 5.250980466254703, 5.250980466254703, 5.250980466254703, 5.250980466254703, 5.250980466254703],[5.537377444768962, 5.537377444768962, 5.537377444768962, 5.537377444768962, 5.537377444768962, 5.537377444768962, 5.537377444768962, 5.537377444768962, 5.537377444768962, 5.537377444768962, 5.537377444768962],[5.170396935717354, 5.170396935717354, 5.170396935717354, 5.170396935717354, 5.170396935717354, 5.170396935717354, 5.170396935717354, 5.170396935717354, 5.170396935717354, 5.170396935717354, 5.170396935717354],[5.34194795502932, 5.343396827945058, 5.3433969148735105, 5.343396914875719, 5.3433969148757186, 5.3433969148757186, 5.3433969148757186, 5.343396914875719, 5.3433969148757186, 5.3433969148757186, 5.343396914875718]
]

L = 4

[
[0.49999999999999994, 0.49999999999999994, 0.49999999999999994, 0.49999999999999994, 0.49999999999999994, 0.49999999999999994, 0.49999999999999994, 0.49999999999999994, 0.49999999999999994, 0.49999999999999994, 0.9999999999999999],[0.49999999999999994, 0.49999999999999994, 0.49999999999999994, 0.49999999999999994, 0.49999999999999994, 0.49999999999999994, 1.0, 1.0, 1.0, 1.0, 1.5],[0.5, 0.5, 0.5, 0.5, 0.5, 0.5, 1.0, 1.0, 1.0, 1.0, 2.0],[0.49999999999999994, 0.49999999999999994, 0.49999999999999994, 1.0, 1.0, 1.0, 1.5, 1.5, 1.5, 1.5, 1.5],[0.49999999999999994, 0.49999999999999994, 0.49999999999999994, 1.0, 1.0, 1.0, 1.5, 1.5, 1.5, 1.5, 1.5],[0.49999999999999994, 0.9999999999999998, 0.9999999999999998, 1.4999999999999996, 1.4999999999999996, 1.4999999999999996, 1.4999999999999996, 1.4999999999999996, 1.4999999999999996, 1.4999999999999996, 1.4999999999999996],[0.4999999999999999, 0.9999999999999999, 0.9999999999999999, 1.5, 1.5, 1.5, 1.5, 1.5, 1.5, 1.5, 1.5],[1.0, 1.5, 2.0, 2.0, 2.0, 2.0, 2.0, 2.0, 2.0, 2.0, 2.0],[1.0242724216239032, 1.5242724216239032, 1.800438018346428, 1.800438018346428, 1.800438018346428, 1.800438018346428, 1.800438018346428, 1.800438018346428, 1.800438018346428, 1.800438018346428, 1.800438018346428]
]

L = 5

[
[0.49999999999999994, 0.49999999999999994, 0.49999999999999994, 0.49999999999999994, 0.49999999999999994, 0.49999999999999994, 0.9999999999999999, 0.9999999999999999, 0.9999999999999999, 0.9999999999999999, 0.9999999999999999],[0.49999999999999994, 0.49999999999999994, 0.49999999999999994, 0.49999999999999994, 0.49999999999999994, 0.49999999999999994, 0.9999999999999999, 0.9999999999999999, 0.9999999999999999, 0.9999999999999999, 0.9999999999999999],[0.49999999999999994, 0.49999999999999994, 0.49999999999999994, 0.9999999999999999, 0.9999999999999999, 0.9999999999999999, 0.9999999999999999, 0.9999999999999999, 0.9999999999999999, 0.9999999999999999, 0.9999999999999999],[-0.0, -0.0, -0.0, -0.0, -0.0, -0.0, -0.0, -0.0, -0.0, -0.0, -0.0],[0.49999999999999994, 0.9999999999999999, 0.9999999999999999, 0.9999999999999999, 0.9999999999999999, 0.9999999999999999, 0.9999999999999999, 0.9999999999999999, 0.9999999999999999, 0.9999999999999999, 0.9999999999999999],[0.49999999999999994, 1.0, 1.0, 1.0, 1.0, 1.0, 1.0, 1.0, 1.0, 1.0, 1.0],[0.9999999999999998, 0.9999999999999998, 0.9999999999999998, 0.9999999999999998, 0.9999999999999998, 0.9999999999999998, 0.9999999999999998, 0.9999999999999998, 0.9999999999999998, 0.9999999999999998, 0.9999999999999998],[1.0, 1.0, 1.0, 1.0, 1.0, 1.0, 1.0, 1.0, 1.0, 1.0, 1.0],[0.9999999999999999, 0.9999999999999999, 0.9999999999999999, 0.9999999999999999, 0.9999999999999999, 0.9999999999999999, 0.9999999999999999, 0.9999999999999999, 0.9999999999999999, 0.9999999999999999, 0.9999999999999999],[1.0000000000000002, 1.0000000000000002, 1.0000000000000002, 1.0000000000000002, 1.0000000000000002, 1.0000000000000002, 1.0000000000000002, 1.0000000000000002, 1.0000000000000002, 1.0000000000000002, 1.0000000000000002],[-0.0, -0.0, -0.0, -0.0, -0.0, -0.0, -0.0, -0.0, -0.0, -0.0, -0.0]
]

L = 6

[
[0.49999999999999994, 0.49999999999999994, 0.49999999999999994, 0.49999999999999994, 0.49999999999999994, 0.49999999999999994, 0.9999999999999999, 0.9999999999999999, 0.9999999999999999, 0.9999999999999999, 0.9999999999999999],[0.49999999999999994, 0.49999999999999994, 0.49999999999999994, 1.0, 1.0, 1.0, 1.5, 1.5, 1.5, 1.5, 1.5],[0.375, 0.375, 0.375, 0.75, 0.75, 0.75, 1.125, 1.125, 1.125, 1.5, 3.0],[0.5161610772204525, 0.8911610772204525, 0.8911610772204525, 1.2661610772204523, 1.6411610772204523, 1.6411610772204523, 1.8911610772204523, 2.1411610772204526, 2.1411610772204526, 2.3911610772204526, 3.033369367724863],[0.375, 0.75, 0.75, 1.1115460809146547, 1.3615460809146547, 1.3615460809146547, 1.6115460809146547, 1.8615460809146547, 1.8615460809146547, 2.1115460809146547, 3.7943223628331593],[0.7000180693183959, 1.0201778348757877, 1.3403376004331793, 1.8959889711554523, 2.1459889711554525, 2.395988971155452, 2.602943853934148, 2.954969976766109, 3.111219976766109, 3.267469976766109, 4.0035426045501215],[0.5556513707222703, 0.8056513707222703, 1.0556513707222703, 1.539963959928538, 1.7158459495432374, 1.8720959495432377, 2.0283459495432377, 2.3408459495432377, 2.4970959495432377, 2.6533459495432377, 4.848024936044192],[0.9878355189971921, 1.8032760807095642, 2.2618466361095138, 2.9273720742881597, 3.3292631881469053, 3.7357236909253126, 3.974374609090035, 4.0684317889061425, 4.068431788906142, 4.068431788906142, 4.068431788906142],[0.9109780950919325, 1.6863390955380408, 2.0896546489457393, 2.663838353423675, 3.031590761829716, 3.549970837865504, 3.8895854862015913, 4.229200134537679, 4.229200134537679, 4.229200134537679, 4.229200134537679],[1.5429379053945023, 2.3919538759117245, 3.0027013057861076, 3.5777078200519576, 4.090116755472066, 4.582549950284649, 4.871129778748599, 4.8711297787486, 4.8711297787486, 4.8711297787486, 4.8711297787486],[1.313617510698513, 2.301023803400788, 3.208250289827333, 4.0122334416146845, 4.517502563349389, 4.72688645649009, 4.726886456490089, 4.726886456490089, 4.726886456490089, 4.726886456490089, 4.726886456490089],[2.4590127459263504, 3.883739083420293, 4.680579291649203, 4.680579291649202, 4.680579291649202, 4.680579291649202, 4.680579291649202, 4.680579291649202, 4.680579291649202, 4.680579291649202, 4.680579291649202],[2.3105297400497755, 3.60662377562738, 4.41643514214785, 4.800232506923794, 4.996267166835418, 5.09602089112832, 5.147515549805205, 5.170597075962696, 5.182222906893464, 5.184657200133651, 5.1859619436589295]
]

L = 7

[
[-6.406853007629837e-16, -6.406853007629837e-16, -6.406853007629837e-16, -6.406853007629837e-16, -6.406853007629837e-16, -6.406853007629837e-16, -6.406853007629837e-16, -6.406853007629837e-16, -6.406853007629837e-16, -6.406853007629837e-16, -6.406853007629837e-16],[0.5, 0.5, 0.5, 1.0, 1.0, 1.0, 1.5, 1.5, 1.5, 2.0, 2.0],[0.375, 0.75, 0.75, 1.125, 1.5, 1.5, 1.875, 2.25, 2.25, 2.625, 3.0],[0.375, 0.75, 0.75, 1.125, 1.375, 1.375, 1.625, 1.875, 1.875, 2.125, 3.625],[0.6919627004747513, 0.9874337033231896, 1.256069074754683, 1.756069074754683, 1.9429006917743006, 2.099150691774301, 2.255400691774301, 2.567900691774301, 2.724150691774301, 2.880400691774301, 4.317365980379633],[0.8712682662886326, 1.2462682662886326, 1.6212682662886326, 2.2615877974034158, 2.5489371649903405, 2.7989371649903405, 3.005892047769036, 3.162142047769036, 3.162142047769036, 3.162142047769036, 3.1621420477690365],[0.9180843025886404, 1.6680843025886405, 2.1556402283577305, 2.675095111136426, 2.987595111136426, 3.397674993915122, 3.650246122691961, 3.989874355168213, 4.256071467925472, 4.357000968471175, 4.478348504096408],[0.9324876343995541, 1.7403940794078165, 2.249526856907467, 2.870391505243555, 3.284301270800947, 3.7079384777476863, 3.9617683605263823, 4.130694581221056, 4.130694581221056, 4.130694581221056, 4.130694581221056],[1.594910170062444, 2.584262980180057, 3.3028315517193714, 3.9374062586661114, 4.33917082480785, 4.6203423135103145, 4.620342313510315, 4.620342313510315, 4.620342313510315, 4.620342313510315, 4.620342313510315],[1.5321817661873787, 2.6672570418771873, 3.6292735410010204, 4.2732546612867255, 4.2732546612867255, 4.2732546612867255, 4.2732546612867255, 4.2732546612867255, 4.2732546612867255, 4.2732546612867255, 4.2732546612867255],[2.28105715431383, 3.46440989950678, 4.549428595917134, 4.95935574425322, 4.95935574425322, 4.95935574425322, 4.95935574425322, 4.95935574425322, 4.95935574425322, 4.95935574425322, 4.95935574425322],[2.4231858894903726, 3.914509429797007, 4.661581309157491, 4.661581309157491, 4.661581309157491, 4.661581309157491, 4.661581309157491, 4.661581309157491, 4.661581309157491, 4.661581309157491, 4.661581309157491],[4.291563541223213, 4.291563541223214, 4.291563541223214, 4.291563541223214, 4.291563541223214, 4.291563541223214, 4.291563541223214, 4.291563541223214, 4.291563541223214, 4.291563541223214, 4.291563541223214],[3.9743628128273927, 4.560975707920113, 4.560975707920113, 4.560975707920113, 4.560975707920113, 4.560975707920113, 4.560975707920113, 4.560975707920113, 4.560975707920113, 4.560975707920113, 4.560975707920113],[3.872293491592729, 4.660481244321493, 4.755571942273616, 4.777897048372978, 4.785101720191701, 4.785888253776734, 4.785967956475788, 4.785968607195561, 4.785968610520587, 4.785968610546822, 4.785968610546853]
]

L = 8

[
[0.49999999999999994, 0.49999999999999994, 0.49999999999999994, 0.9999999999999999, 0.9999999999999999, 0.9999999999999999, 0.9999999999999999, 0.9999999999999999, 0.9999999999999999, 0.9999999999999999, 0.9999999999999999],[0.49999999999999994, 1.0, 1.0, 1.5, 1.5, 1.5, 1.5, 1.5, 1.5, 1.5, 1.5],[0.375, 0.75, 0.75, 1.125, 1.5, 1.5, 1.875, 2.25, 2.25, 2.625, 3.0],[0.625, 0.875, 1.125, 1.625, 1.875, 2.125, 2.375, 2.875, 3.125, 3.375, 3.875],[0.6757213818214931, 0.9257213818214931, 1.175721381821493, 1.675721381821493, 1.925721381821493, 2.175721381821493, 2.425721381821493, 2.777747504653454, 2.933997504653454, 3.090247504653454, 4.183997504653454],[0.6321119534547069, 1.252976601790794, 1.6302611667876667, 2.131403449286103, 2.443903449286103, 2.912653449286103, 3.1367071006637843, 3.4179571006637843, 3.6992071006637843, 3.8867071006637843, 5.169792897323674],[0.6449913148646211, 1.2171190704237103, 1.564432588741173, 2.033182588741173, 2.345682588741173, 2.771117191025753, 2.958617191025753, 3.239867191025753, 3.521117191025753, 3.708617191025753, 5.330735460620092],[0.9927975702911418, 1.6532796356984922, 2.2511987875200328, 2.7972820889918864, 3.305472189476323, 3.7638403223554318, 4.1574549184905525, 4.480087898592053, 4.808212898592053, 5.081650398592053, 5.954810991821322],[1.192777127477864, 1.935771852049, 2.632206045440782, 3.2040769372193783, 3.7242764629095717, 4.1476018100345415, 4.56143830842919, 4.907437387663634, 5.244831137505907, 5.399321434380742, 5.422936306079736],[1.348291420587082, 2.3470427122833497, 3.1945857659409977, 3.9184656640832802, 4.535821238651646, 4.999145623868967, 5.392508859333292, 5.710437643431219, 6.004458601830729, 6.215545797396798, 6.513445921127146],[1.0476587661337249, 1.8318348133500812, 2.5587014554876397, 3.2185074803447584, 3.869255974889444, 4.379210814390739, 4.853493280981674, 5.270785808626758, 5.684345844896687, 6.00927331452611, 6.972906760054145],[2.310601912451371, 3.819890287233587, 4.916200103710012, 5.619598805048529, 6.110562429843613, 6.409782453970364, 6.56972732287522, 6.573632524016079, 6.57363252401608, 6.57363252401608, 6.57363252401608],[2.45484423734378, 4.17071952825845, 5.48443661958153, 6.122363201193818, 6.143942878812363, 6.143942878812363, 6.143942878812363, 6.143942878812363, 6.143942878812363, 6.143942878812363, 6.143942878812363],[3.633394268097829, 5.6234387969547255, 6.485724498332584, 6.709113735702105, 6.709113735702106, 6.709113735702106, 6.709113735702106, 6.709113735702105, 6.709113735702106, 6.709113735702106, 6.709113735702105],[5.276366620703113, 5.386878392213207, 5.386878392213207, 5.386878392213207, 5.386878392213207, 5.386878392213207, 5.386878392213207, 5.386878392213207, 5.386878392213207, 5.386878392213207, 5.386878392213207],[5.159467834063499, 7.028921406163194, 7.058960442530055, 7.058960442530055, 7.058960442530056, 7.058960442530055, 7.058960442530056, 7.058960442530055, 7.058960442530056, 7.058960442530056, 7.058960442530056],[4.716927469280742, 6.63068551406646, 7.273089919544063, 7.457238060633163, 7.50451813580847, 7.513609550614937, 7.514743318502705, 7.514822189629979, 7.514826226971683, 7.514826375634719, 7.514826383091207]
]

L = 9

[
[-6.406853007629837e-16, -6.406853007629837e-16, -6.406853007629837e-16, -6.406853007629837e-16, -6.406853007629837e-16, -6.406853007629837e-16, -6.406853007629837e-16, -6.406853007629837e-16, -6.406853007629837e-16, -6.406853007629837e-16, -6.406853007629837e-16],[0.5, 1.0, 1.0, 1.5, 2.0, 2.0, 2.0, 2.0, 2.0, 2.0, 2.0],[1.0, 1.375, 1.75, 2.5, 2.5, 2.5, 2.5, 2.5, 2.5, 2.5, 2.5],[0.6773148814000081, 0.9273148814000081, 1.177314881400008, 1.677314881400008, 1.927314881400008, 2.177314881400008, 2.427314881400008, 2.927314881400008, 3.177314881400008, 3.427314881400008, 3.8059534860365503],[0.9451597655573916, 1.6951597655573916, 2.1951597655573916, 2.9451597655573916, 3.2576597655573916, 3.7264097655573916, 4.038909765557392, 4.038909765557392, 4.038909765557392, 4.038909765557392, 4.038909765557392],[1.0153195311147831, 1.8026688987017079, 2.2596237814804034, 2.7790786642590994, 3.0915786642590994, 3.5603286642590994, 3.7478286642590994, 4.029078664259099, 4.216578664259099, 4.216578664259099, 4.216578664259099],[1.4628766078345437, 2.3270162106555783, 3.1082662106555787, 3.7509968081664087, 4.279638544287192, 4.631201044287192, 4.856177853580154, 4.881210007548395, 4.881210007548395, 4.881210007548395, 4.881210007548395],[1.3996548710533978, 2.122234753832094, 2.756809460778833, 3.258724402168181, 3.727474402168181, 4.1962244021681805, 4.612038908828678, 4.9469425709127, 5.216739467576203, 5.216739467576204, 5.216739467576204],[2.485878100717944, 3.850527231497928, 4.652044371236517, 4.652044371236517, 4.652044371236517, 4.652044371236517, 4.652044371236517, 4.652044371236517, 4.652044371236517, 4.652044371236517, 4.652044371236517],[1.7322012287078028, 2.6988197838373877, 3.526492780626685, 4.278254987573426, 4.9722113858709704, 5.418128213074663, 5.803296999889946, 5.978621200790297, 5.978621200790297, 5.978621200790297, 5.978621200790297],[3.1396919696233154, 5.045764763027537, 5.463334377440084, 5.463334377440084, 5.463334377440084, 5.463334377440084, 5.463334377440084, 5.463334377440084, 5.463334377440084, 5.463334377440084, 5.463334377440084],[3.503036157994958, 4.979380423560568, 5.280877360765221, 5.280877360765221, 5.280877360765221, 5.280877360765221, 5.280877360765221, 5.280877360765221, 5.280877360765221, 5.280877360765221, 5.280877360765221],[4.539560815243811, 4.539560815243811, 4.539560815243811, 4.539560815243811, 4.539560815243811, 4.539560815243811, 4.539560815243811, 4.539560815243811, 4.539560815243811, 4.539560815243811, 4.539560815243811],[4.581969830542581, 4.581969830542581, 4.581969830542581, 4.581969830542581, 4.581969830542581, 4.581969830542581, 4.581969830542581, 4.581969830542581, 4.581969830542581, 4.581969830542581, 4.581969830542581],[5.178854009045792, 5.178854009045792, 5.178854009045792, 5.178854009045792, 5.178854009045792, 5.178854009045792, 5.178854009045792, 5.178854009045792, 5.178854009045792, 5.178854009045792, 5.178854009045792],[4.652548749019182, 4.652548749019182, 4.652548749019182, 4.652548749019182, 4.652548749019182, 4.652548749019182, 4.652548749019182, 4.652548749019182, 4.652548749019182, 4.652548749019182, 4.652548749019182],[5.29225155252661, 5.29225155252661, 5.29225155252661, 5.29225155252661, 5.29225155252661, 5.29225155252661, 5.29225155252661, 5.29225155252661, 5.29225155252661, 5.29225155252661, 5.29225155252661],[5.5261103008058985, 5.5261103008058985, 5.5261103008058985, 5.5261103008058985, 5.5261103008058985, 5.5261103008058985, 5.5261103008058985, 5.5261103008058985, 5.5261103008058985, 5.5261103008058985, 5.5261103008058985],[5.256627338339805, 5.2580446354524355, 5.258044683747506, 5.258044683747506, 5.258044683747506, 5.258044683747506, 5.258044683747506, 5.258044683747506, 5.258044683747506, 5.258044683747506, 5.258044683747506]
]

