
L = 4

[0.49999999999999994, 0.49999999999999994, 0.49999999999999994, 0.49999999999999994, 0.49999999999999994, 0.49999999999999994, 0.49999999999999994, 0.49999999999999994, 0.49999999999999994, 0.49999999999999994, 0.9999999999999999]
[0.5, 0.5, 0.5, 0.5, 0.5, 0.5, 1.0, 1.0, 1.0, 1.0, 2.0]
[0.5, 0.5, 0.5, 0.5, 0.5, 0.5, 1.0, 1.0, 1.0, 1.0, 2.0]
[0.5, 0.5, 0.5, 1.0, 1.0, 1.0, 1.5, 1.5, 1.5, 2.0, 2.0]
[0.5, 0.5, 0.5, 1.0, 1.0, 1.0, 1.5, 1.5, 1.5, 2.0, 2.0]
[0.5, 1.0, 1.0, 1.5, 2.0, 2.0, 2.0, 2.0, 2.0, 2.0, 2.0]
[0.5000000000000001, 1.0, 1.0, 1.5, 1.5, 1.5, 1.5, 1.5, 1.5, 1.5, 1.5]
[0.9999999999999998, 1.4999999999999996, 1.4999999999999996, 1.4999999999999996, 1.4999999999999996, 1.4999999999999996, 1.4999999999999996, 1.4999999999999996, 1.4999999999999996, 1.4999999999999996, 1.4999999999999996]
[1.5, 1.5, 1.5, 1.5, 1.5, 1.5, 1.5, 1.5, 1.5, 1.5]

L = 5

[0.49999999999999994, 0.49999999999999994, 0.49999999999999994, 0.49999999999999994, 0.49999999999999994, 0.49999999999999994, 0.9999999999999999, 0.9999999999999999, 0.9999999999999999, 0.9999999999999999, 0.9999999999999999]
[0.49999999999999994, 0.49999999999999994, 0.49999999999999994, 0.49999999999999994, 0.49999999999999994, 0.49999999999999994, 0.9999999999999999, 0.9999999999999999, 0.9999999999999999, 0.9999999999999999, 0.9999999999999999]
[0.49999999999999994, 0.49999999999999994, 0.49999999999999994, 0.9999999999999999, 0.9999999999999999, 0.9999999999999999, 0.9999999999999999, 0.9999999999999999, 0.9999999999999999, 0.9999999999999999, 0.9999999999999999]
[0.49999999999999994, 0.49999999999999994, 0.49999999999999994, 1.0, 1.0, 1.0, 1.0, 1.0, 1.0, 1.0, 1.0]
[0.49999999999999983, 0.9999999999999998, 0.9999999999999998, 0.9999999999999998, 0.9999999999999998, 0.9999999999999998, 0.9999999999999998, 0.9999999999999998, 0.9999999999999998, 0.9999999999999998, 0.9999999999999998]
[0.49999999999999994, 1.0, 1.0, 1.0, 1.0, 1.0, 1.0, 1.0, 1.0, 1.0, 1.0]
[0.9999999999999999, 0.9999999999999999, 0.9999999999999999, 0.9999999999999999, 0.9999999999999999, 0.9999999999999999, 0.9999999999999999, 0.9999999999999999, 0.9999999999999999, 0.9999999999999999, 0.9999999999999999]
[1.0, 1.0, 1.0, 1.0, 1.0, 1.0, 1.0, 1.0, 1.0, 1.0, 1.0]
[0.9999999999999998, 0.9999999999999998, 0.9999999999999998, 0.9999999999999998, 0.9999999999999998, 0.9999999999999998, 0.9999999999999998, 0.9999999999999998, 0.9999999999999998, 0.9999999999999998, 0.9999999999999998]
[1.601713251907458e-15, 1.601713251907458e-15, 1.601713251907458e-15, 1.601713251907458e-15, 1.601713251907458e-15, 1.601713251907458e-15, 1.601713251907458e-15, 1.601713251907458e-15, 1.601713251907458e-15, 1.601713251907458e-15, 1.601713251907458e-15]
[-0.0, -0.0, -0.0, -0.0, -0.0, -0.0, -0.0, -0.0, -0.0, -0.0]

L = 6

[0.49999999999999994, 0.49999999999999994, 0.49999999999999994, 0.49999999999999994, 0.49999999999999994, 0.49999999999999994, 0.9999999999999999, 0.9999999999999999, 0.9999999999999999, 0.9999999999999999, 0.9999999999999999]
[0.5, 0.5, 0.5, 1.0, 1.0, 1.0, 1.5, 1.5, 1.5, 2.0, 2.0]
[0.5, 0.5, 0.5, 1.0, 1.0, 1.0, 1.375, 1.375, 1.375, 1.75, 2.5]
[0.375, 0.75, 0.75, 1.125, 1.375, 1.375, 1.625, 1.875, 1.875, 2.125, 3.625]
[0.5, 0.9528195311147832, 0.9528195311147832, 1.272979296672175, 1.5931390622295667, 1.5931390622295667, 1.9132988277869583, 2.23345859334435, 2.23345859334435, 2.5536183589017414, 2.873778124459133]
[0.6403195311147833, 0.9604792966721749, 1.2806390622295665, 1.850798827786958, 2.1007988277869583, 2.3507988277869583, 2.5577537105656543, 2.8702537105656543, 3.0265037105656543, 3.1827537105656543, 4.057753710565654]
[0.6266127307764763, 0.8766127307764761, 1.109941291169645, 1.5335518042902452, 1.740506687068941, 1.9474615698476367, 2.1544164526263323, 2.5683262181837234, 2.760954485087948, 2.9517507369735787, 4.538677851905586]
[0.8122013305894986, 1.4574957336087628, 1.7971103819448504, 2.2929750302809375, 2.6054750302809375, 3.0000762081418686, 3.2539060909205646, 3.6346509150886086, 4.015395739256652, 4.213281967994689, 4.904922275373492]
[0.7562596521000731, 1.4415855693352524, 1.8554953348926442, 2.4404241790840198, 2.818398140496699, 3.3271926484582055, 3.6237896683919675, 4.019605940020651, 4.34275266849402, 4.488961945048646, 4.6716834350172665]
[1.4940198332694632, 2.4389547368011635, 3.3131893630642426, 4.050365449712666, 4.509629734028796, 4.629519627315217, 4.629519627315217, 4.629519627315217, 4.629519627315217, 4.629519627315217, 4.629519627315217]
[1.6417755781638586, 2.788264237099132, 3.8460284578124524, 4.163460376817089, 4.163460376817089, 4.163460376817089, 4.163460376817089, 4.163460376817089, 4.163460376817089, 4.163460376817089, 4.163460376817089]
[3.3205397878114535, 3.3205397878114535, 3.3205397878114535, 3.3205397878114535, 3.3205397878114535, 3.3205397878114535, 3.3205397878114535, 3.3205397878114535, 3.3205397878114535, 3.3205397878114535, 3.3205397878114535]
[4.748130416979054, 4.792815505261727, 4.792841416882439, 4.7928414168989235, 4.792841416898923, 4.7928414168989235, 4.7928414168989235, 4.7928414168989235, 4.7928414168989235, 4.792841416898923]

L = 7

[0.49999999999999994, 0.49999999999999994, 0.49999999999999994, 0.9999999999999999, 0.9999999999999999, 0.9999999999999999, 0.9999999999999999, 0.9999999999999999, 0.9999999999999999, 0.9999999999999999, 0.9999999999999999]
[0.5, 0.5, 0.5, 1.0, 1.0, 1.0, 1.5, 1.5, 1.5, 2.0, 2.0]
[0.375, 0.75, 0.75, 1.125, 1.5, 1.5, 1.875, 2.25, 2.25, 2.625, 3.0]
[0.375, 0.75, 0.75, 1.125, 1.5, 1.5, 1.875, 2.25, 2.25, 2.5, 3.25]
[0.8695483266517395, 1.189708092209131, 1.439708092209131, 1.939708092209131, 2.189708092209131, 2.439708092209131, 2.689708092209131, 3.0335508385412826, 3.1898008385412826, 3.3460508385412826, 3.5023008385412826]
[0.6403195311147832, 0.9604792966721748, 1.2806390622295662, 1.7806390622295662, 2.0306390622295662, 2.2806390622295662, 2.4875939450082623, 2.8507988277869583, 3.0070488277869583, 3.1632988277869583, 4.132048827786958]
[0.8587640622295665, 1.6666705072378285, 2.2052748039100036, 2.9122296866886996, 3.326139452246091, 3.7362193350247868, 3.9900492178034828, 4.116964159192831, 4.116964159192831, 4.116964159192831, 4.116964159192831]
[0.7744696365852444, 1.4176646798426107, 1.8315744454000022, 2.3598313762345255, 2.6723313762345255, 3.141081376234525, 3.4447162065865053, 3.8254610307545494, 4.139875972143898, 4.308802192838572, 4.846108228937378]
[1.5446341864304256, 2.65694513655133, 3.6186361876894457, 4.270044549043564, 4.270044549043564, 4.270044549043564, 4.270044549043564, 4.270044549043564, 4.270044549043564, 4.270044549043564, 4.270044549043564]
[1.6794305763160742, 2.6509528822399613, 3.5480702104895863, 4.232015184661407, 4.232015184661407, 4.232015184661407, 4.232015184661407, 4.232015184661407, 4.232015184661407, 4.232015184661407, 4.232015184661407]
[3.3171606431169685, 3.3171606431169685, 3.3171606431169685, 3.3171606431169685, 3.3171606431169685, 3.3171606431169685, 3.3171606431169685, 3.3171606431169685, 3.3171606431169685, 3.3171606431169685, 3.3171606431169685]
[2.722837723340604, 4.112056615299283, 4.391315252926445, 4.391315252926444, 4.391315252926444, 4.391315252926444, 4.391315252926444, 4.391315252926444, 4.391315252926444, 4.391315252926444, 4.391315252926444]
[4.019946938549249, 4.729784187192542, 4.729784187192542, 4.729784187192542, 4.729784187192542, 4.729784187192542, 4.729784187192542, 4.729784187192542, 4.729784187192542, 4.729784187192542, 4.729784187192542]
[3.2912019037082505, 3.2912019037082505, 3.2912019037082505, 3.2912019037082505, 3.2912019037082505, 3.2912019037082505, 3.2912019037082505, 3.2912019037082505, 3.2912019037082505, 3.2912019037082505, 3.2912019037082505]
[4.49154264038241, 4.491548072323453, 4.491548072323454, 4.491548072323453, 4.491548072323453, 4.491548072323454, 4.491548072323453, 4.491548072323453, 4.491548072323453, 4.491548072323453]

L = 8

[0.49999999999999994, 0.49999999999999994, 0.49999999999999994, 0.9999999999999999, 0.9999999999999999, 0.9999999999999999, 0.9999999999999999, 0.9999999999999999, 0.9999999999999999, 0.9999999999999999, 0.9999999999999999]
[0.5, 1.0, 1.0, 1.5, 2.0, 2.0, 2.0, 2.0, 2.0, 2.0, 2.0]
[0.5, 1.0, 1.0, 1.375, 1.75, 1.75, 2.125, 2.5, 2.5, 2.5, 2.5]
[0.75, 1.125, 1.5, 2.125, 2.375, 2.625, 2.875, 3.375, 3.375, 3.375, 3.375]
[0.764230749509236, 1.0597017523576742, 1.3097017523576742, 1.8097017523576742, 2.0597017523576744, 2.3097017523576744, 2.4659517523576744, 2.7784517523576744, 2.9347017523576744, 3.0909517523576744, 4.068735342926541]
[0.6025520480558277, 1.103694330554264, 1.416194330554264, 1.884944330554264, 2.197444330554264, 2.666194330554264, 2.916194330554264, 3.197444330554264, 3.478694330554264, 3.666194330554264, 5.348136508575666]
[0.682833875591764, 1.1839761580902002, 1.4964761580902004, 1.9652261580902004, 2.2777261580902004, 2.601449531645565, 2.788949531645565, 3.070199531645565, 3.351449531645565, 3.538949531645565, 5.410264354907388]
[1.0048097973196681, 1.685996983563255, 2.284417220554948, 2.8040753656022837, 3.2728253656022837, 3.7380617432001277, 4.121614569320753, 4.406062578995783, 4.734187578995783, 5.007625078995783, 5.937369218433386]
[0.979807205534886, 1.6421591380515577, 2.2452582340590608, 2.7948940313995827, 3.2860359765134444, 3.708244495991236, 4.086037542000249, 4.42570015526724, 4.773784810457279, 5.038337874502398, 5.994358654179685]
[1.0648494206811936, 1.924943193144145, 2.6665164750794874, 3.3304099549986215, 3.98015387154143, 4.507190840554361, 4.977555288482632, 5.398686853915543, 5.785962820776819, 6.066749752002351, 6.901794795759545]
[1.050962452344275, 1.9080068168282487, 2.6679508771910005, 3.3456732752694913, 4.010455534156495, 4.542281653459389, 4.996845247858114, 5.408881600659572, 5.7991706112501085, 6.09472034912416, 6.877327463549421]
[1.986645191678682, 3.596769338982382, 5.120236774256767, 6.256643186528205, 6.342903566273116, 6.342903566273116, 6.342903566273117, 6.342903566273116, 6.342903566273116, 6.342903566273116, 6.342903566273116]
[2.475251110963762, 4.025258298633939, 5.296218969153381, 6.151511208575755, 6.199100735476716, 6.199100735476716, 6.199100735476716, 6.1991007354767165, 6.199100735476716, 6.199100735476716, 6.199100735476716]
[4.04437873799313, 6.1631246871076435, 6.231943705649654, 6.2319437056496545, 6.231943705649654, 6.231943705649654, 6.231943705649654, 6.2319437056496545, 6.231943705649654, 6.231943705649654, 6.231943705649654]
[3.2329906119635297, 5.311580727785622, 6.437287121798265, 6.952328385648107, 6.978620878786275, 6.978620878786275, 6.978620878786274, 6.978620878786274, 6.978620878786275, 6.978620878786275, 6.978620878786276]
[5.542888976304026, 6.7396886791368775, 6.739688679136878, 6.7396886791368775, 6.7396886791368775, 6.739688679136878, 6.739688679136878, 6.7396886791368775, 6.7396886791368775, 6.7396886791368775, 6.739688679136878]
[6.835857827960051, 6.840918520115183, 6.840919522696138, 6.840919522699258, 6.840919522699259, 6.840919522699258, 6.840919522699258, 6.840919522699258, 6.840919522699258, 6.840919522699259]

L = 9

[0.49999999999999994, 0.9999999999999999, 0.9999999999999999, 0.9999999999999999, 0.9999999999999999, 0.9999999999999999, 0.9999999999999999, 0.9999999999999999, 0.9999999999999999, 0.9999999999999999, 0.9999999999999999]
[0.49999999999999994, 1.0, 1.0, 1.5, 1.5, 1.5, 1.5, 1.5, 1.5, 1.5, 1.5]
[0.75, 1.125, 1.5, 2.25, 2.625, 3.0, 3.0, 3.0, 3.0, 3.0, 3.0]
[0.9056390622295664, 1.2806390622295662, 1.6556390622295662, 2.1556390622295662, 2.4056390622295662, 2.6556390622295662, 2.9056390622295662, 3.1556390622295662, 3.1556390622295662, 3.1556390622295662, 3.1556390622295662]
[0.8444564530542943, 1.5944564530542942, 2.094456453054294, 2.656956453054294, 2.969456453054294, 3.438206453054294, 3.750706453054294, 4.219456453054295, 4.325109504586607, 4.325109504586607, 4.325109504586607]
[0.8170597975538274, 1.5670597975538274, 1.980969563111219, 2.4821118456096554, 2.7946118456096554, 3.2633618456096554, 3.5758618456096554, 4.044611845609655, 4.388361845609655, 4.513871133005319, 4.55796722201602]
[1.097432187399272, 1.878682187399272, 2.63059712878862, 3.2530314261323388, 3.742805957918665, 4.211555957918665, 4.680305957918665, 5.031868457918665, 5.317627813961471, 5.423796406423643, 5.423796406423643]
[1.2023919986369125, 2.115956051956111, 2.897206051956111, 3.5661962914723064, 4.1206955009559625, 4.60470460035334, 4.949160389507583, 5.102779848555878, 5.102779848555878, 5.102779848555878, 5.102779848555878]
[1.832419840493134, 2.913943041184724, 3.7714783918486576, 4.454727230825356, 5.049865037374001, 5.487225996297894, 5.791802050293539, 5.851379371744574, 5.851379371744574, 5.851379371744574, 5.851379371744574]
[2.376840672959459, 3.726011272671595, 4.6357593761495846, 4.876403712942121, 4.876403712942121, 4.876403712942121, 4.876403712942121, 4.876403712942121, 4.876403712942121, 4.876403712942121, 4.876403712942121]
[4.049112489886246, 4.611123159260016, 4.611123159260016, 4.611123159260016, 4.611123159260016, 4.611123159260016, 4.611123159260016, 4.611123159260016, 4.611123159260016, 4.611123159260016, 4.611123159260016]
[3.2382285863447664, 5.04657545626345, 5.404128686354328, 5.404128686354328, 5.404128686354328, 5.404128686354328, 5.404128686354328, 5.404128686354328, 5.404128686354328, 5.404128686354328, 5.404128686354328]
[4.82204999418197, 5.537084410885071, 5.537084410885071, 5.537084410885071, 5.537084410885071, 5.537084410885071, 5.537084410885071, 5.537084410885071, 5.537084410885071, 5.537084410885071, 5.537084410885071]
[5.11044719176699, 5.190726980293492, 5.190726980293492, 5.190726980293492, 5.190726980293492, 5.190726980293492, 5.190726980293492, 5.190726980293492, 5.190726980293492, 5.190726980293492, 5.190726980293492]
[6.020650882425333, 6.020650882425333, 6.020650882425333, 6.020650882425333, 6.020650882425333, 6.020650882425333, 6.020650882425332, 6.020650882425333, 6.020650882425333, 6.020650882425333, 6.020650882425333]
[5.910938883577163, 5.910938883577163, 5.910938883577163, 5.910938883577163, 5.910938883577163, 5.910938883577163, 5.910938883577164, 5.910938883577163, 5.910938883577163, 5.910938883577163, 5.910938883577163]
[5.6953848880829785, 5.6953848880829785, 5.6953848880829785, 5.6953848880829785, 5.6953848880829785, 5.6953848880829785, 5.6953848880829785, 5.6953848880829785, 5.6953848880829785, 5.6953848880829785, 5.6953848880829785]
[4.307104477159051, 4.307104477159051, 4.307104477159051, 4.307104477159051, 4.307104477159051, 4.307104477159051, 4.307104477159051, 4.307104477159051, 4.307104477159051, 4.307104477159051, 4.307104477159051]
[5.496423958138944, 5.496423958138944, 5.496423958138943, 5.496423958138944, 5.496423958138943, 5.496423958138943, 5.496423958138943, 5.496423958138944, 5.496423958138944, 5.496423958138943]
