100 bipartitions
Means: 
[8.50124359e-04 1.09633684e-03 1.50746584e-03 3.39596272e-03
 3.55885983e-03 7.62377024e-03 8.75228882e-03 2.18703651e-02
 2.64703560e-02 7.29181361e-02 9.11819339e-02 2.17641521e-01
 3.01794665e-01 9.11945539e-01 1.27514658e+00 4.72157114e+00]
stds: 
[5.01600834e-05 3.11665460e-05 8.78532955e-05 1.63896508e-04
 7.88705872e-05 1.90119927e-04 1.56735515e-04 2.38619588e-04
 3.34315435e-04 8.54992300e-04 8.26588758e-04 3.49522894e-03
 4.48821055e-03 2.00453251e-02 1.89317564e-02 8.53040962e-02]
