
L = 4

[
[-6.406853007629837e-16, -6.406853007629837e-16, -6.406853007629837e-16, -6.406853007629837e-16, -6.406853007629837e-16, -6.406853007629837e-16, -6.406853007629837e-16, -6.406853007629837e-16, -6.406853007629837e-16, -6.406853007629837e-16, -6.406853007629837e-16],[0.49999999999999994, 0.49999999999999994, 0.49999999999999994, 0.49999999999999994, 0.49999999999999994, 0.49999999999999994, 1.0, 1.0, 1.0, 1.0, 1.5],[0.5, 0.5, 0.5, 0.5, 0.5, 0.5, 1.0, 1.0, 1.0, 1.0, 2.0],[0.5, 0.5, 0.5, 1.0, 1.0, 1.0, 1.5, 1.5, 1.5, 2.0, 2.0],[0.5, 0.5, 0.5, 1.0, 1.0, 1.0, 1.5, 1.5, 1.5, 1.5, 1.5],[0.5, 1.0, 1.0, 1.5, 1.5, 1.5, 1.5, 1.5, 1.5, 1.5, 1.5],[0.5000000000000001, 1.0, 1.0, 1.5, 1.5, 1.5, 1.5, 1.5, 1.5, 1.5, 1.5],[0.8112781244591322, 0.8112781244591322, 0.8112781244591322, 0.8112781244591322, 0.8112781244591322, 0.8112781244591322, 0.8112781244591322, 0.8112781244591322, 0.8112781244591322, 0.8112781244591322, 0.8112781244591322],[1.0, 1.5, 2.0, 2.0, 2.0, 2.0, 2.0, 2.0, 2.0, 2.0, 2.0]
]

L = 5

[
[0.49999999999999994, 0.49999999999999994, 0.49999999999999994, 0.49999999999999994, 0.49999999999999994, 0.49999999999999994, 0.9999999999999999, 0.9999999999999999, 0.9999999999999999, 0.9999999999999999, 0.9999999999999999],[0.49999999999999994, 0.49999999999999994, 0.49999999999999994, 0.49999999999999994, 0.49999999999999994, 0.49999999999999994, 0.9999999999999999, 0.9999999999999999, 0.9999999999999999, 0.9999999999999999, 0.9999999999999999],[0.49999999999999994, 0.49999999999999994, 0.49999999999999994, 0.9999999999999999, 0.9999999999999999, 0.9999999999999999, 0.9999999999999999, 0.9999999999999999, 0.9999999999999999, 0.9999999999999999, 0.9999999999999999],[0.49999999999999994, 0.49999999999999994, 0.49999999999999994, 1.0, 1.0, 1.0, 1.0, 1.0, 1.0, 1.0, 1.0],[0.4999999999999999, 0.9999999999999998, 0.9999999999999998, 0.9999999999999998, 0.9999999999999998, 0.9999999999999998, 0.9999999999999998, 0.9999999999999998, 0.9999999999999998, 0.9999999999999998, 0.9999999999999998],[-6.406853007629837e-16, -6.406853007629837e-16, -6.406853007629837e-16, -6.406853007629837e-16, -6.406853007629837e-16, -6.406853007629837e-16, -6.406853007629837e-16, -6.406853007629837e-16, -6.406853007629837e-16, -6.406853007629837e-16, -6.406853007629837e-16],[0.9999999999999998, 0.9999999999999998, 0.9999999999999998, 0.9999999999999998, 0.9999999999999998, 0.9999999999999998, 0.9999999999999998, 0.9999999999999998, 0.9999999999999998, 0.9999999999999998, 0.9999999999999998],[0.9999999999999998, 0.9999999999999998, 0.9999999999999998, 0.9999999999999998, 0.9999999999999998, 0.9999999999999998, 0.9999999999999998, 0.9999999999999998, 0.9999999999999998, 0.9999999999999998, 0.9999999999999998],[0.9999999999999999, 0.9999999999999999, 0.9999999999999999, 0.9999999999999999, 0.9999999999999999, 0.9999999999999999, 0.9999999999999999, 0.9999999999999999, 0.9999999999999999, 0.9999999999999999, 0.9999999999999999],[0.9999999999999996, 0.9999999999999996, 0.9999999999999996, 0.9999999999999996, 0.9999999999999996, 0.9999999999999996, 0.9999999999999996, 0.9999999999999996, 0.9999999999999996, 0.9999999999999996, 0.9999999999999996],[0.9999999999999999, 0.9999999999999999, 0.9999999999999999, 0.9999999999999999, 0.9999999999999999, 0.9999999999999999, 0.9999999999999999, 0.9999999999999999, 0.9999999999999999, 0.9999999999999999, 0.9999999999999999]
]

L = 6

[
[0.49999999999999994, 0.49999999999999994, 0.49999999999999994, 0.49999999999999994, 0.49999999999999994, 0.49999999999999994, 0.9999999999999999, 0.9999999999999999, 0.9999999999999999, 0.9999999999999999, 0.9999999999999999],[0.49999999999999994, 0.49999999999999994, 0.49999999999999994, 1.0, 1.0, 1.0, 1.5, 1.5, 1.5, 1.5, 1.5],[0.5273755142062793, 0.5273755142062793, 0.5273755142062793, 0.9023755142062793, 0.9023755142062793, 0.9023755142062793, 1.2773755142062793, 1.2773755142062793, 1.2773755142062793, 1.6523755142062793, 2.6119069720731005],[0.375, 0.75, 0.75, 1.125, 1.375, 1.375, 1.625, 1.875, 1.875, 2.125, 3.625],[0.40062906401050213, 0.7756290640105021, 0.7756290640105021, 1.1506290640105021, 1.4707888295678937, 1.4707888295678937, 1.7207888295678937, 1.9707888295678937, 1.9707888295678937, 2.2207888295678937, 3.7430944494198233],[0.850798827786958, 1.248778124459133, 1.623778124459133, 2.3189378900165245, 2.5689378900165245, 2.7758927727952196, 2.9828476555739156, 3.1390976555739156, 3.1390976555739156, 3.1390976555739156, 3.1390976555739156],[0.6272270279146727, 0.9173469834919143, 1.1673469834919143, 1.6018528714355749, 1.8088077542142709, 2.015762636992967, 2.222717519771663, 2.5485231232321723, 2.7047731232321723, 2.8610231232321723, 4.555373363498403],[0.9513838217946015, 1.7631276770051199, 2.2129153083940007, 2.8337799567300888, 3.223472023302247, 3.701316707940041, 3.9485548469584915, 4.1483330950199875, 4.1483330950199875, 4.1483330950199875, 4.1483330950199875],[0.7418766272355753, 1.4187842281986727, 1.832693993756064, 2.377275564869218, 2.689069277887249, 3.115028444437212, 3.376502533608134, 3.757247357776178, 4.137992181944221, 4.307322320794209, 4.867323906090085],[1.6423442331060059, 2.779541151461072, 3.672203818684224, 4.223818624850825, 4.223818624850825, 4.223818624850825, 4.223818624850825, 4.223818624850825, 4.223818624850825, 4.223818624850825, 4.223818624850825],[1.8366350950956591, 2.8819041612898335, 3.692929980131377, 4.088037829614133, 4.088037829614134, 4.088037829614134, 4.088037829614134, 4.088037829614134, 4.088037829614134, 4.088037829614134, 4.088037829614134],[2.2665178152849252, 3.46289058892607, 4.551119658576326, 4.964048440794, 4.964048440794, 4.964048440794, 4.964048440794, 4.964048440794, 4.964048440794, 4.964048440794, 4.964048440794],[2.108683641036077, 3.20950653578776, 4.230121148462215, 4.893399899081948, 5.180748234349979, 5.305632111246186, 5.372928754812217, 5.407538779706746, 5.430132715912699, 5.433817231548465, 5.4346152048303065]
]

L = 7

[
[0.49999999999999994, 0.49999999999999994, 0.49999999999999994, 0.9999999999999999, 0.9999999999999999, 0.9999999999999999, 0.9999999999999999, 0.9999999999999999, 0.9999999999999999, 0.9999999999999999, 0.9999999999999999],[0.49999999999999994, 0.49999999999999994, 0.49999999999999994, 1.0, 1.0, 1.0, 1.5, 1.5, 1.5, 1.5, 1.5],[0.5306390622295664, 1.0306390622295662, 1.0306390622295662, 1.4056390622295662, 1.7806390622295662, 1.7806390622295662, 2.1556390622295662, 2.1556390622295662, 2.1556390622295662, 2.1556390622295662, 2.1556390622295662],[0.4273148814000081, 0.8023148814000083, 0.8023148814000083, 1.1773148814000085, 1.5523148814000085, 1.5523148814000085, 1.8023148814000085, 2.0523148814000085, 2.0523148814000085, 2.3023148814000085, 3.4309534860365503],[0.75, 1.0, 1.25, 1.75, 2.0, 2.25, 2.5, 3.0, 3.25, 3.40625, 3.875],[0.6951597655573916, 1.0153195311147831, 1.3354792966721747, 1.8354792966721747, 2.0854792966721747, 2.3354792966721747, 2.5424341794508702, 2.8549341794508702, 3.0111841794508702, 3.1674341794508702, 4.07368417945087],[0.8620481027607746, 1.6867468379346242, 2.14370172071332, 2.7645663690494082, 3.1784761346068, 3.6737133184002615, 3.9862133184002615, 4.206878259789609, 4.20687825978961, 4.20687825978961, 4.20687825978961],[0.8879979042180635, 1.740522324753048, 2.220183583080175, 2.8633786263375414, 3.2401408332842805, 3.691516818907431, 3.9453467016861272, 4.171450605822536, 4.171450605822535, 4.171450605822535, 4.171450605822535],[1.6151306304926398, 2.708283740006325, 3.4166240673613872, 4.0412595667538715, 4.397372480556303, 4.51066375336626, 4.510663753366259, 4.510663753366259, 4.510663753366259, 4.510663753366259, 4.510663753366259],[1.621284414799416, 2.6706754115014073, 3.40247333475715, 4.0104586351349525, 4.408889920346983, 4.525502600217998, 4.525502600217998, 4.525502600217998, 4.525502600217998, 4.525502600217998, 4.525502600217998],[2.3628374030673798, 3.6695514124936834, 4.650562123931415, 4.826738633948536, 4.826738633948536, 4.826738633948536, 4.826738633948536, 4.826738633948536, 4.826738633948536, 4.826738633948536, 4.826738633948536],[2.4400010311242135, 4.042211492622346, 4.634519277109003, 4.6345192771090025, 4.6345192771090025, 4.6345192771090025, 4.6345192771090025, 4.6345192771090025, 4.6345192771090025, 4.6345192771090025, 4.6345192771090025],[3.9408426011181237, 4.584509891931744, 4.584509891931744, 4.584509891931744, 4.584509891931744, 4.584509891931744, 4.584509891931744, 4.584509891931744, 4.584509891931744, 4.584509891931744, 4.584509891931744],[4.292064228726953, 4.292064228726953, 4.292064228726953, 4.292064228726953, 4.292064228726953, 4.292064228726953, 4.292064228726953, 4.292064228726953, 4.292064228726953, 4.292064228726953, 4.292064228726953],[4.076935347776645, 4.695901876222757, 4.740862113839052, 4.747343157330138, 4.747788366136303, 4.7478060113233935, 4.747806494877676, 4.747806522742965, 4.747806523473551, 4.747806523482717, 4.7478065234827165]
]

L = 8

[
[0.49999999999999994, 0.49999999999999994, 0.49999999999999994, 0.9999999999999999, 0.9999999999999999, 0.9999999999999999, 0.9999999999999999, 0.9999999999999999, 0.9999999999999999, 0.9999999999999999, 0.9999999999999999],[0.5, 1.0, 1.0, 1.5, 2.0, 2.0, 2.0, 2.0, 2.0, 2.0, 2.0],[0.5, 1.0, 1.0, 1.375, 1.75, 1.75, 2.125, 2.5, 2.5, 2.5, 2.5],[0.75, 1.125, 1.5, 2.0, 2.25, 2.5, 2.75, 3.25, 3.5, 3.5, 3.5],[0.61563076840583, 0.86563076840583, 1.11563076840583, 1.61563076840583, 1.86563076840583, 2.11563076840583, 2.36563076840583, 2.67813076840583, 2.83438076840583, 2.99063076840583, 4.316886508575667],[0.7230384047970212, 1.3072778525725894, 1.684562417569462, 2.2180969825663346, 2.5305969825663346, 2.999346982566334, 3.225282230666021, 3.506532230666021, 3.7877822306660214, 3.9752822306660214, 5.083608764730229],[0.5094184075552346, 0.9405042493184099, 1.2194266496697161, 1.6001714738377601, 1.8418609470134348, 2.1861845423724144, 2.4067524544375996, 2.6880024544375996, 2.9692524544376, 3.1567524544376, 5.967271409052565],[1.0977232510344221, 1.7571465345551196, 2.306930490452616, 2.7924988283273255, 3.2506673696105084, 3.6344396242050507, 4.010320727678421, 4.327610396350644, 4.655735396350644, 4.929172896350645, 5.951127692829742],[0.9925692677340873, 1.6647067292770688, 2.2594985907725564, 2.772649109587567, 3.235155428656449, 3.611036532129819, 3.9869176356031883, 4.360341693633136, 4.703554899536002, 4.976992399536002, 5.976321884936507],[1.1912749349863172, 2.151145715292494, 2.9405812951469454, 3.6389534960173666, 4.293978479812246, 4.820183479028452, 5.251898934447478, 5.635240085684563, 5.981617548622353, 6.239119239187736, 6.647830078097426],[1.3512144628113956, 2.369484053894401, 3.254839918625918, 4.036069589535005, 4.8384269732488985, 5.406964901241637, 5.858711197972394, 6.173815537872563, 6.192491577562591, 6.192491577562591, 6.192491577562591],[1.9579820550121194, 3.401991672821863, 4.574285312890057, 5.353018585298916, 5.965252946928033, 6.4320608749156625, 6.739083177510759, 6.8979911600479324, 6.901999407837172, 6.901999407837173, 6.901999407837172],[2.9906532981783513, 5.278838945962201, 5.368093478253092, 5.368093478253092, 5.368093478253092, 5.368093478253092, 5.368093478253092, 5.368093478253092, 5.368093478253092, 5.368093478253092, 5.368093478253092],[4.115951851065226, 6.1418477276626335, 6.210666746204645, 6.2106667462046445, 6.210666746204645, 6.210666746204645, 6.210666746204645, 6.2106667462046445, 6.210666746204645, 6.210666746204645, 6.210666746204645],[3.24197302001628, 5.2020804633056255, 6.346415783238335, 6.990908137734664, 7.016735377273377, 7.016735377273378, 7.016735377273378, 7.0167353772733785, 7.016735377273377, 7.016735377273377, 7.016735377273377],[6.181831342641448, 6.252297598038031, 6.25229759803803, 6.252297598038031, 6.25229759803803, 6.25229759803803, 6.25229759803803, 6.252297598038031, 6.25229759803803, 6.25229759803803, 6.25229759803803],[5.72418320268886, 6.67884643799425, 6.704188735929633, 6.704202726519638, 6.704202727246178, 6.704202727246177, 6.704202727246177, 6.704202727246177, 6.7042027272461775, 6.704202727246178, 6.7042027272461775]
]

L = 9

[
[0.49999999999999994, 0.9999999999999999, 0.9999999999999999, 0.9999999999999999, 0.9999999999999999, 0.9999999999999999, 0.9999999999999999, 0.9999999999999999, 0.9999999999999999, 0.9999999999999999, 0.9999999999999999],[0.5, 1.0, 1.0, 1.5, 2.0, 2.0, 2.0, 2.0, 2.0, 2.0, 2.0],[1.0, 1.375, 1.75, 2.5, 2.5, 2.5, 2.5, 2.5, 2.5, 2.5, 2.5],[0.8023148814000081, 1.052314881400008, 1.302314881400008, 1.802314881400008, 2.052314881400008, 2.302314881400008, 2.552314881400008, 3.052314881400008, 3.302314881400008, 3.552314881400008, 3.6809534860365503],[0.960087221460124, 1.7100872214601242, 2.210087221460124, 2.772587221460124, 3.085087221460124, 3.553837221460124, 3.866337221460124, 4.204496013162275, 4.204496013162274, 4.204496013162274, 4.204496013162274],[0.6639097655573918, 1.2847744138934791, 1.6986841794508707, 2.1674341794508707, 2.4799341794508707, 2.948684179450871, 3.261184179450871, 3.729934179450871, 4.136184179450871, 4.323684179450871, 4.886184179450871],[1.3708646483360873, 2.1521146483360876, 2.933364648336088, 3.59727441389348, 4.231849120840219, 4.733764062229567, 4.921264062229566, 4.921264062229566, 4.921264062229566, 4.921264062229566, 4.921264062229566],[1.1082555286370783, 1.867102309344145, 2.504749943700805, 2.973499943700805, 3.349381047174175, 3.725262150647545, 4.101143254120915, 4.477024357594285, 4.928081681762329, 5.303962785235698, 5.690558136402283],[2.2491835181399553, 3.741201981521746, 4.645193387636529, 4.995991404752818, 4.995991404752818, 4.995991404752818, 4.995991404752818, 4.995991404752818, 4.995991404752818, 4.995991404752818, 4.995991404752818],[1.6397653095227267, 2.71613951654338, 3.5032768511139416, 4.209600264102693, 4.869929780564814, 5.470229340984923, 5.925084499638539, 5.981307897416501, 5.981307897416501, 5.981307897416501, 5.981307897416501],[3.425790623774896, 5.1485560664966314, 5.1485560664966314, 5.1485560664966314, 5.1485560664966314, 5.1485560664966314, 5.1485560664966314, 5.1485560664966314, 5.1485560664966314, 5.1485560664966314, 5.1485560664966314],[3.2996918261374337, 5.018014150937974, 5.4023793238220135, 5.4023793238220135, 5.4023793238220135, 5.4023793238220135, 5.4023793238220135, 5.4023793238220135, 5.4023793238220135, 5.4023793238220135, 5.4023793238220135],[5.043179741162995, 5.356014268751032, 5.356014268751032, 5.356014268751032, 5.356014268751032, 5.356014268751032, 5.356014268751032, 5.356014268751032, 5.356014268751032, 5.356014268751032, 5.356014268751032],[5.086041016830664, 5.126975452244405, 5.126975452244405, 5.126975452244405, 5.126975452244405, 5.126975452244405, 5.126975452244405, 5.126975452244405, 5.126975452244405, 5.126975452244405, 5.126975452244405],[5.952731048199372, 5.952731048199372, 5.952731048199372, 5.952731048199372, 5.952731048199372, 5.952731048199372, 5.952731048199372, 5.952731048199372, 5.952731048199372, 5.952731048199372, 5.952731048199372],[5.953068544816366, 5.953068544816366, 5.953068544816366, 5.953068544816366, 5.953068544816366, 5.953068544816366, 5.953068544816367, 5.953068544816366, 5.953068544816366, 5.953068544816366, 5.953068544816366],[5.777878618134759, 5.777878618134759, 5.777878618134759, 5.777878618134759, 5.777878618134759, 5.777878618134759, 5.777878618134759, 5.777878618134759, 5.777878618134759, 5.777878618134759, 5.777878618134759],[5.230524180457746, 5.230524180457746, 5.230524180457746, 5.230524180457746, 5.230524180457746, 5.230524180457746, 5.230524180457746, 5.230524180457746, 5.230524180457746, 5.230524180457746, 5.230524180457746],[5.571972352718854, 5.574217255351083, 5.57421738897805, 5.574217388978188, 5.574217388978188, 5.574217388978188, 5.574217388978187, 5.574217388978189, 5.574217388978188, 5.574217388978188, 5.574217388978188]
]

L = 4

[
[0.49999999999999994, 0.49999999999999994, 0.49999999999999994, 0.49999999999999994, 0.49999999999999994, 0.49999999999999994, 0.49999999999999994, 0.49999999999999994, 0.49999999999999994, 0.49999999999999994, 0.9999999999999999],[0.5, 0.5, 0.5, 0.5, 0.5, 0.5, 1.0, 1.0, 1.0, 1.0, 2.0],[0.49999999999999994, 0.49999999999999994, 0.49999999999999994, 0.49999999999999994, 0.49999999999999994, 0.49999999999999994, 1.0, 1.0, 1.0, 1.0, 1.5],[0.49999999999999994, 0.49999999999999994, 0.49999999999999994, 1.0, 1.0, 1.0, 1.5, 1.5, 1.5, 1.5, 1.5],[0.4999999999999999, 0.4999999999999999, 0.4999999999999999, 0.9999999999999998, 0.9999999999999998, 0.9999999999999998, 0.9999999999999998, 0.9999999999999998, 0.9999999999999998, 0.9999999999999998, 0.9999999999999998],[0.5, 1.0, 1.0, 1.5, 1.5, 1.5, 1.5, 1.5, 1.5, 1.5, 1.5],[0.4999999999999999, 0.9999999999999999, 0.9999999999999999, 1.5, 1.5, 1.5, 1.5, 1.5, 1.5, 1.5, 1.5],[0.9999999999999998, 1.4999999999999998, 1.4999999999999998, 1.4999999999999998, 1.4999999999999998, 1.4999999999999998, 1.4999999999999998, 1.4999999999999998, 1.4999999999999998, 1.4999999999999998, 1.4999999999999998],[1.0, 1.5, 1.5, 1.5, 1.5, 1.5, 1.5, 1.5, 1.5, 1.5, 1.5]
]

L = 5

[
[0.49999999999999994, 0.49999999999999994, 0.49999999999999994, 0.49999999999999994, 0.49999999999999994, 0.49999999999999994, 0.9999999999999999, 0.9999999999999999, 0.9999999999999999, 0.9999999999999999, 0.9999999999999999],[0.49999999999999994, 0.49999999999999994, 0.49999999999999994, 0.49999999999999994, 0.49999999999999994, 0.49999999999999994, 1.0, 1.0, 1.0, 1.0, 1.0],[0.49999999999999994, 0.49999999999999994, 0.49999999999999994, 1.0, 1.0, 1.0, 1.0, 1.0, 1.0, 1.0, 1.0],[0.49999999999999994, 0.49999999999999994, 0.49999999999999994, 1.0, 1.0, 1.0, 1.0, 1.0, 1.0, 1.0, 1.0],[0.49999999999999994, 0.9999999999999999, 0.9999999999999999, 0.9999999999999999, 0.9999999999999999, 0.9999999999999999, 0.9999999999999999, 0.9999999999999999, 0.9999999999999999, 0.9999999999999999, 0.9999999999999999],[0.49999999999999994, 1.0, 1.0, 1.0, 1.0, 1.0, 1.0, 1.0, 1.0, 1.0, 1.0],[1.0, 1.0, 1.0, 1.0, 1.0, 1.0, 1.0, 1.0, 1.0, 1.0, 1.0],[1.0, 1.0, 1.0, 1.0, 1.0, 1.0, 1.0, 1.0, 1.0, 1.0, 1.0],[0.9999999999999999, 0.9999999999999999, 0.9999999999999999, 0.9999999999999999, 0.9999999999999999, 0.9999999999999999, 0.9999999999999999, 0.9999999999999999, 0.9999999999999999, 0.9999999999999999, 0.9999999999999999],[-2.562741203051937e-15, -2.562741203051937e-15, -2.562741203051937e-15, -2.562741203051937e-15, -2.562741203051937e-15, -2.562741203051937e-15, -2.562741203051937e-15, -2.562741203051937e-15, -2.562741203051937e-15, -2.562741203051937e-15, -2.562741203051937e-15],[0.9999999999999999, 0.9999999999999999, 0.9999999999999999, 0.9999999999999999, 0.9999999999999999, 0.9999999999999999, 0.9999999999999999, 0.9999999999999999, 0.9999999999999999, 0.9999999999999999, 0.9999999999999999]
]

L = 6

[
[0.49999999999999994, 0.49999999999999994, 0.49999999999999994, 0.49999999999999994, 0.49999999999999994, 0.49999999999999994, 0.9999999999999999, 0.9999999999999999, 0.9999999999999999, 0.9999999999999999, 0.9999999999999999],[0.5, 0.5, 0.5, 1.0, 1.0, 1.0, 1.5, 1.5, 1.5, 2.0, 2.0],[0.375, 0.375, 0.375, 0.75, 0.75, 0.75, 1.125, 1.125, 1.125, 1.5, 3.0],[0.4273148814000081, 0.8023148814000081, 0.8023148814000081, 1.177314881400008, 1.552314881400008, 1.552314881400008, 1.802314881400008, 2.052314881400008, 2.052314881400008, 2.302314881400008, 3.4309534860365503],[0.5, 0.9528195311147833, 0.9528195311147833, 1.4056390622295667, 1.7257988277869583, 1.7257988277869583, 2.04595859334435, 2.3661183589017414, 2.3661183589017414, 2.686278124459133, 2.686278124459133],[0.6403195311147832, 0.9604792966721748, 1.2806390622295662, 1.8507988277869578, 2.100798827786958, 2.350798827786958, 2.600798827786958, 3.100798827786958, 3.350798827786958, 3.5577537105656534, 3.7647085933443494],[0.6403195311147831, 0.9421849568830922, 1.2337388589925138, 1.7648872514227818, 2.014887251422782, 2.221842134201478, 2.428797016980174, 2.842706782537566, 3.049661665316262, 3.2566165480949576, 4.136344689304818],[0.8066515159230122, 1.5363127742501392, 2.015974032577266, 2.6697144272982216, 3.0836241928556136, 3.630193723970396, 3.969808372306483, 4.266530637863875, 4.266530637863875, 4.266530637863875, 4.266530637863875],[0.8577799385982461, 1.6516786313262317, 2.1508448793973742, 2.680447486543422, 2.997188501062885, 3.413284309869614, 3.66711419264831, 4.035004631877784, 4.279510991422445, 4.390210395942868, 4.499733329818314],[1.647272129974733, 2.7974671833733566, 3.662751218865738, 4.224249318403518, 4.224249318403518, 4.224249318403518, 4.224249318403518, 4.224249318403518, 4.224249318403518, 4.224249318403518, 4.224249318403518],[1.5107556682979808, 2.370953160296175, 3.0686525908425386, 3.6764632307757608, 4.188681616436019, 4.644849816500492, 4.824296497117771, 4.824296497117772, 4.824296497117772, 4.824296497117772, 4.824296497117772],[2.4666279520024084, 3.8893089722496352, 4.678962939862668, 4.678962939862668, 4.678962939862668, 4.678962939862668, 4.678962939862668, 4.678962939862668, 4.678962939862668, 4.678962939862668, 4.678962939862668],[2.333136521687924, 3.651031653124363, 4.462568536862717, 4.839925497913271, 5.01039645206031, 5.075894946021285, 5.094278445330426, 5.097103309756202, 5.09726219353264, 5.097274554762349, 5.09727549914986]
]

L = 7

[
[0.49999999999999994, 0.49999999999999994, 0.49999999999999994, 0.9999999999999999, 0.9999999999999999, 0.9999999999999999, 0.9999999999999999, 0.9999999999999999, 0.9999999999999999, 0.9999999999999999, 0.9999999999999999],[0.5, 0.5, 0.5, 1.0, 1.0, 1.0, 1.5, 1.5, 1.5, 2.0, 2.0],[0.5, 1.0, 1.0, 1.375, 1.75, 1.75, 2.125, 2.5, 2.5, 2.5, 2.5],[0.4273148814000081, 0.8023148814000081, 0.8023148814000081, 1.177314881400008, 1.552314881400008, 1.552314881400008, 1.802314881400008, 2.052314881400008, 2.052314881400008, 2.302314881400008, 3.4309534860365503],[0.6403195311147831, 0.9604792966721747, 1.2806390622295662, 1.7806390622295662, 2.0306390622295662, 2.2806390622295662, 2.5306390622295662, 3.0306390622295662, 3.2806390622295662, 3.4368890622295662, 3.9056390622295662],[0.6983911107998991, 1.0185508763572906, 1.3387106419146821, 1.9088704074720737, 2.1588704074720737, 2.3658252902507693, 2.5727801730294653, 2.9866899385868573, 3.1936448213655533, 3.4005997041442493, 3.81450946970164],[0.8587640622295666, 1.666670507237829, 2.1666705072378294, 2.7875351555739174, 3.2014449211313094, 3.691564745299352, 3.945394628078048, 4.199224510856744, 4.1992245108567445, 4.1992245108567445, 4.1992245108567445],[0.752509938613506, 1.4134897284881116, 1.8127747291340506, 2.3221967016381817, 2.6482540258062253, 3.1149691237704955, 3.3989419014704705, 3.7796867256385145, 4.160431549806558, 4.310783991195906, 4.870079918386153],[1.6491251458896468, 2.84752633045316, 3.7639022028118623, 4.166669048931941, 4.16666904893194, 4.16666904893194, 4.16666904893194, 4.16666904893194, 4.16666904893194, 4.16666904893194, 4.16666904893194],[1.5377131912355368, 2.4865269314660914, 3.3169199777953358, 3.891320614828216, 4.377979495678486, 4.672204274380238, 4.672204274380238, 4.672204274380238, 4.672204274380238, 4.672204274380238, 4.672204274380238],[2.392680555593064, 3.638210706486536, 4.564582679903959, 4.8387531928586895, 4.8387531928586895, 4.8387531928586895, 4.8387531928586895, 4.8387531928586895, 4.8387531928586895, 4.8387531928586895, 4.8387531928586895],[2.548694070613229, 3.9512284471353607, 4.5815530582833075, 4.581553058283308, 4.581553058283308, 4.581553058283308, 4.581553058283308, 4.581553058283308, 4.581553058283308, 4.581553058283308, 4.581553058283308],[4.026384480211664, 4.615782774744606, 4.615782774744606, 4.615782774744606, 4.615782774744606, 4.615782774744606, 4.615782774744606, 4.615782774744606, 4.615782774744606, 4.615782774744606, 4.615782774744606],[4.162328421537269, 4.16232842153727, 4.16232842153727, 4.16232842153727, 4.16232842153727, 4.16232842153727, 4.16232842153727, 4.16232842153727, 4.16232842153727, 4.16232842153727, 4.16232842153727],[4.037726873811036, 4.422939375165942, 4.501508284901669, 4.5212404230276695, 4.52355958759908, 4.524000216643737, 4.524066767930684, 4.5240675745169945, 4.524067627695717, 4.524067629160226, 4.524067629211185]
]

L = 8

[
[0.49999999999999994, 0.49999999999999994, 0.49999999999999994, 0.9999999999999999, 0.9999999999999999, 0.9999999999999999, 0.9999999999999999, 0.9999999999999999, 0.9999999999999999, 0.9999999999999999, 0.9999999999999999],[0.5, 1.0, 1.0, 1.5, 2.0, 2.0, 2.0, 2.0, 2.0, 2.0, 2.0],[0.375, 0.75, 0.75, 1.125, 1.5, 1.5, 1.875, 2.25, 2.25, 2.625, 3.0],[0.5, 0.75, 1.0, 1.5, 1.75, 2.0, 2.25, 2.75, 3.0, 3.25, 4.0],[0.6645183696447445, 0.9145183696447445, 1.1645183696447445, 1.6353181278596562, 1.7915681278596562, 1.9478181278596562, 2.1040681278596565, 2.4165681278596565, 2.5728181278596565, 2.7290681278596565, 4.456956454938839],[0.7559013839116568, 1.414006893568806, 1.8096040588459381, 2.3107463413443745, 2.6232463413443745, 2.9927276216861376, 3.1802276216861376, 3.4614776216861376, 3.7427276216861376, 3.9302276216861376, 5.035382224641521],[0.6639097655573918, 1.2847744138934794, 1.698684179450871, 2.3195488277869583, 2.5733787105656543, 2.9541235347336983, 3.2079534175123943, 3.5886982416804383, 3.969443065848481, 4.2232729486271765, 4.8578476555739165],[1.015374103139143, 1.7277841659499353, 2.282204704648084, 2.787629070153437, 3.256379070153438, 3.7199209223006786, 4.127351423337178, 4.49880491186512, 4.855858241151522, 5.122715874064648, 5.914846428099024],[0.989189730361709, 1.623764437308449, 2.2583391442551877, 2.8489434631345567, 3.358638250809143, 3.827388250809143, 4.225924148013851, 4.576677559731645, 4.904802559731645, 5.178240059731645, 5.84473691996776],[1.036570687546568, 1.8623603808947709, 2.6291757588067823, 3.300443302142125, 3.9293524568773988, 4.408568439328643, 4.845805559806637, 5.253890157958529, 5.642696601289466, 5.940212536283648, 6.975807839371387],[1.2660842069293152, 2.1147419486258987, 2.805892736310522, 3.4098499064620404, 4.017648966593628, 4.540708976534707, 5.01651608074521, 5.451170895361603, 5.866749106080282, 6.132180842723638, 6.783551578991554],[1.910794658576689, 3.273555314613641, 4.414238144381663, 5.295301713067505, 5.984993739556735, 6.452341019522953, 6.762701990851202, 6.929682245467244, 6.950356135887837, 6.950356135887838, 6.950356135887837],[1.8378075645173118, 3.3396122849499585, 4.536040202535441, 5.3410691860513335, 5.986845369532381, 6.4446896008047005, 6.742742696758388, 6.9233103150108475, 6.944625061280785, 6.944625061280785, 6.944625061280784],[3.2259631284951564, 5.239193854239521, 6.385082806298544, 6.958634470139642, 6.991471116705309, 6.99147111670531, 6.99147111670531, 6.99147111670531, 6.991471116705309, 6.991471116705309, 6.99147111670531],[4.088270183753714, 6.165663350955774, 6.226950744535891, 6.226950744535891, 6.226950744535891, 6.226950744535891, 6.226950744535892, 6.226950744535891, 6.226950744535891, 6.226950744535891, 6.226950744535891],[5.4844474648404935, 6.806135159822942, 6.806135159822942, 6.806135159822942, 6.806135159822942, 6.806135159822942, 6.806135159822942, 6.806135159822942, 6.806135159822942, 6.806135159822942, 6.80613515982294],[5.3657362918265274, 6.637725248981959, 6.86980372611924, 6.929811907306993, 6.952687217920062, 6.960011679284755, 6.9617962716859285, 6.96219390865508, 6.962254826042592, 6.962263077971685, 6.962264157610897]
]

L = 9

[
[0.49999999999999994, 0.9999999999999999, 0.9999999999999999, 0.9999999999999999, 0.9999999999999999, 0.9999999999999999, 0.9999999999999999, 0.9999999999999999, 0.9999999999999999, 0.9999999999999999, 0.9999999999999999],[0.5, 1.0, 1.0, 1.5, 2.0, 2.0, 2.0, 2.0, 2.0, 2.0, 2.0],[0.875, 1.25, 1.625, 2.375, 2.75, 2.75, 2.75, 2.75, 2.75, 2.75, 2.75],[0.8023148814000081, 1.177314881400008, 1.552314881400008, 2.052314881400008, 2.302314881400008, 2.552314881400008, 2.802314881400008, 3.302314881400008, 3.4309534860365503, 3.4309534860365503, 3.4309534860365503],[1.1467713344543025, 1.966931100011694, 2.373181100011694, 2.841931100011694, 3.154431100011694, 3.623181100011694, 3.857472756180549, 3.857472756180549, 3.857472756180549, 3.857472756180549, 3.857472756180549],[0.8201597655573916, 1.5701597655573916, 1.9764097655573916, 2.4451597655573916, 2.7576597655573916, 3.2264097655573916, 3.5389097655573916, 3.9451597655573916, 4.226409765557392, 4.413909765557392, 4.601409765557392],[1.2234166963919153, 2.019848225094679, 2.801098225094679, 3.4528675810490497, 3.9216175810490497, 4.39036758104905, 4.82005508104905, 5.09349258104905, 5.245360466290838, 5.245360466290837, 5.245360466290837],[1.669358883042117, 2.6445127606032335, 3.322504473726664, 3.8305127608781886, 4.230875561407018, 4.500343569346037, 4.619952781200184, 4.619952781200183, 4.619952781200183, 4.619952781200183, 4.619952781200183],[1.9843864287856539, 3.476858775718321, 4.613181011898875, 5.153331335441511, 5.153331335441511, 5.153331335441511, 5.153331335441511, 5.153331335441511, 5.153331335441511, 5.153331335441511, 5.153331335441511],[2.385683680735157, 4.09309747231606, 4.663699339639416, 4.663699339639416, 4.663699339639416, 4.663699339639416, 4.663699339639416, 4.663699339639416, 4.663699339639416, 4.663699339639416, 4.663699339639416],[3.3977637105165277, 5.188073086839751, 5.188073086839751, 5.188073086839751, 5.188073086839751, 5.188073086839751, 5.188073086839751, 5.188073086839751, 5.188073086839751, 5.188073086839751, 5.188073086839751],[2.3217737302480383, 2.3217737302480383, 2.3217737302480383, 2.3217737302480383, 2.3217737302480383, 2.3217737302480383, 2.3217737302480383, 2.3217737302480383, 2.3217737302480383, 2.3217737302480383, 2.3217737302480383],[5.26425042106873, 5.26425042106873, 5.26425042106873, 5.26425042106873, 5.26425042106873, 5.26425042106873, 5.26425042106873, 5.26425042106873, 5.26425042106873, 5.26425042106873, 5.26425042106873],[4.426934805552665, 5.8132077075006965, 5.8132077075006965, 5.8132077075006965, 5.8132077075006965, 5.8132077075006965, 5.8132077075006965, 5.8132077075006965, 5.8132077075006965, 5.8132077075006965, 5.8132077075006965],[5.652706140409571, 5.652706140409571, 5.652706140409571, 5.652706140409571, 5.652706140409571, 5.652706140409571, 5.652706140409571, 5.652706140409571, 5.652706140409571, 5.652706140409571, 5.652706140409571],[4.60779830778069, 4.60779830778069, 4.60779830778069, 4.60779830778069, 4.60779830778069, 4.60779830778069, 4.60779830778069, 4.60779830778069, 4.60779830778069, 4.60779830778069, 4.60779830778069],[5.953290777367016, 5.953290777367016, 5.953290777367016, 5.953290777367016, 5.953290777367016, 5.953290777367016, 5.953290777367017, 5.953290777367016, 5.953290777367016, 5.953290777367016, 5.953290777367016],[4.3069825363150755, 4.3069825363150755, 4.3069825363150755, 4.3069825363150755, 4.3069825363150755, 4.3069825363150755, 4.3069825363150755, 4.3069825363150755, 4.3069825363150755, 4.3069825363150755, 4.3069825363150755],[4.820028208221928, 4.820036012237458, 4.820036012237458, 4.820036012237458, 4.820036012237458, 4.820036012237458, 4.820036012237459, 4.820036012237458, 4.820036012237458, 4.820036012237458, 4.820036012237458]
]

