
L = 4

[
[0.49999999999999994, 0.49999999999999994, 0.49999999999999994, 0.49999999999999994, 0.49999999999999994, 0.49999999999999994, 0.49999999999999994, 0.49999999999999994, 0.49999999999999994, 0.49999999999999994, 0.9999999999999999],[0.5, 0.5, 0.5, 0.5, 0.5, 0.5, 1.0, 1.0, 1.0, 1.0, 2.0],[0.5, 0.5, 0.5, 0.5, 0.5, 0.5, 1.0, 1.0, 1.0, 1.0, 2.0],[0.5, 0.5, 0.5, 1.0, 1.0, 1.0, 1.5, 1.5, 1.5, 2.0, 2.0],[0.49999999999999994, 0.49999999999999994, 0.49999999999999994, 1.0, 1.0, 1.0, 1.5, 1.5, 1.5, 1.5, 1.5],[0.4999999999999999, 0.9999999999999999, 0.9999999999999999, 1.5, 1.5, 1.5, 1.5, 1.5, 1.5, 1.5, 1.5],[0.5, 1.0, 1.0, 1.5, 1.5, 1.5, 1.5, 1.5, 1.5, 1.5, 1.5],[1.0, 1.5, 2.0, 2.0, 2.0, 2.0, 2.0, 2.0, 2.0, 2.0, 2.0],[0.9999999999999999, 1.5, 1.5, 1.5, 1.5, 1.5, 1.5, 1.5, 1.5, 1.5, 1.5]
]

L = 5

[
[0.49999999999999994, 0.49999999999999994, 0.49999999999999994, 0.49999999999999994, 0.49999999999999994, 0.49999999999999994, 0.9999999999999999, 0.9999999999999999, 0.9999999999999999, 0.9999999999999999, 0.9999999999999999],[-0.0, -0.0, -0.0, -0.0, -0.0, -0.0, -0.0, -0.0, -0.0, -0.0, -0.0],[0.49999999999999994, 0.49999999999999994, 0.49999999999999994, 0.9999999999999999, 0.9999999999999999, 0.9999999999999999, 0.9999999999999999, 0.9999999999999999, 0.9999999999999999, 0.9999999999999999, 0.9999999999999999],[0.49999999999999994, 0.49999999999999994, 0.49999999999999994, 1.0, 1.0, 1.0, 1.0, 1.0, 1.0, 1.0, 1.0],[0.49999999999999994, 1.0, 1.0, 1.0, 1.0, 1.0, 1.0, 1.0, 1.0, 1.0, 1.0],[0.49999999999999994, 0.9999999999999999, 0.9999999999999999, 0.9999999999999999, 0.9999999999999999, 0.9999999999999999, 0.9999999999999999, 0.9999999999999999, 0.9999999999999999, 0.9999999999999999, 0.9999999999999999],[-1.2813706015259676e-15, -1.2813706015259676e-15, -1.2813706015259676e-15, -1.2813706015259676e-15, -1.2813706015259676e-15, -1.2813706015259676e-15, -1.2813706015259676e-15, -1.2813706015259676e-15, -1.2813706015259676e-15, -1.2813706015259676e-15, -1.2813706015259676e-15],[1.0000000000000002, 1.0000000000000002, 1.0000000000000002, 1.0000000000000002, 1.0000000000000002, 1.0000000000000002, 1.0000000000000002, 1.0000000000000002, 1.0000000000000002, 1.0000000000000002, 1.0000000000000002],[0.9999999999999999, 0.9999999999999999, 0.9999999999999999, 0.9999999999999999, 0.9999999999999999, 0.9999999999999999, 0.9999999999999999, 0.9999999999999999, 0.9999999999999999, 0.9999999999999999, 0.9999999999999999],[0.9999999999999993, 0.9999999999999993, 0.9999999999999993, 0.9999999999999993, 0.9999999999999993, 0.9999999999999993, 0.9999999999999993, 0.9999999999999993, 0.9999999999999993, 0.9999999999999993, 0.9999999999999993],[1.0, 1.0, 1.0, 1.0, 1.0, 1.0, 1.0, 1.0, 1.0, 1.0, 1.0]
]

L = 6

[
[-6.406853007629837e-16, -6.406853007629837e-16, -6.406853007629837e-16, -6.406853007629837e-16, -6.406853007629837e-16, -6.406853007629837e-16, -6.406853007629837e-16, -6.406853007629837e-16, -6.406853007629837e-16, -6.406853007629837e-16, -6.406853007629837e-16],[0.5, 0.5, 0.5, 1.0, 1.0, 1.0, 1.5, 1.5, 1.5, 2.0, 2.0],[0.5, 0.5, 0.5, 1.0, 1.0, 1.0, 1.375, 1.375, 1.375, 1.75, 2.5],[0.4528195311147832, 0.8278195311147831, 0.8278195311147831, 1.0778195311147831, 1.3278195311147831, 1.3278195311147831, 1.5778195311147831, 1.8278195311147831, 1.8278195311147831, 2.077819531114783, 3.577819531114783],[0.5, 0.9528195311147833, 0.9528195311147833, 1.4056390622295665, 1.725798827786958, 1.725798827786958, 2.04595859334435, 2.3661183589017414, 2.3661183589017414, 2.686278124459133, 2.686278124459133],[0.6304072660268982, 0.9143547877638384, 1.1643547877638385, 1.5833245316701663, 1.7902794144488623, 1.997234297227558, 2.204189180006254, 2.618098945563646, 2.825053828342342, 3.032008711121038, 4.343779956553753],[0.6272270279146721, 0.9173469834919133, 1.1673469834919135, 1.6018528714355738, 1.8088077542142695, 2.0157626369929655, 2.222717519771661, 2.5485231232321706, 2.7047731232321706, 2.8610231232321706, 4.555373363498401],[0.8410141392788191, 1.5864047397429215, 2.0197273019832642, 2.573314887067153, 2.905910720573961, 3.374660720573961, 3.657825661963309, 4.038570486131353, 4.359074493741866, 4.455259823083106, 4.556317150293752],[0.8259536642590998, 1.6051581331466367, 2.0742740400101747, 2.7567079497882228, 3.1526498132732583, 3.6614443212347645, 3.966906510816546, 4.243033641787676, 4.243033641787676, 4.243033641787676, 4.243033641787676],[2.163805660373374, 3.277352219307044, 3.2773522193070437, 3.2773522193070437, 3.2773522193070437, 3.2773522193070437, 3.2773522193070437, 3.2773522193070437, 3.2773522193070437, 3.2773522193070437, 3.2773522193070437],[2.321884237869056, 2.321884237869056, 2.321884237869056, 2.321884237869056, 2.321884237869056, 2.321884237869056, 2.321884237869056, 2.321884237869056, 2.321884237869056, 2.321884237869056, 2.321884237869056],[2.360316467912462, 3.5752267116680985, 4.6504480935706285, 4.859655613402987, 4.859655613402987, 4.859655613402987, 4.859655613402987, 4.859655613402987, 4.859655613402987, 4.859655613402987, 4.859655613402987],[2.302769813226216, 3.4489216787043397, 4.530344144087093, 4.885652576464601, 4.999989261473687, 5.037048848873732, 5.056713460228828, 5.067037554515418, 5.072399048993766, 5.074770214081655, 5.07619545473816]
]

L = 7

[
[0.49999999999999994, 0.49999999999999994, 0.49999999999999994, 0.9999999999999999, 0.9999999999999999, 0.9999999999999999, 0.9999999999999999, 0.9999999999999999, 0.9999999999999999, 0.9999999999999999, 0.9999999999999999],[0.5, 0.5, 0.5, 1.0, 1.0, 1.0, 1.5, 1.5, 1.5, 2.0, 2.0],[0.5, 1.0, 1.0, 1.375, 1.75, 1.75, 2.125, 2.5, 2.5, 2.5, 2.5],[0.4528195311147832, 0.8278195311147831, 0.8278195311147831, 1.0778195311147831, 1.3278195311147831, 1.3278195311147831, 1.5778195311147831, 1.8278195311147831, 1.8278195311147831, 2.077819531114783, 3.577819531114783],[0.75, 1.0, 1.25, 1.75, 2.0, 2.25, 2.5, 3.0, 3.25, 3.40625, 3.875],[0.75, 1.125, 1.5, 2.25, 2.5, 2.75, 3.0, 3.25, 3.25, 3.25, 3.25],[1.1914280318460246, 2.249061555730543, 2.8385234696240222, 3.2017283524027182, 3.2017283524027182, 3.201728352402718, 3.201728352402718, 3.201728352402718, 3.201728352402718, 3.201728352402718, 3.201728352402718],[0.8859464081374993, 1.5628540091005965, 1.976763774657988, 2.5976284229940756, 2.96082895234034, 3.4207986747727626, 3.7047714524727375, 4.100587724101421, 4.394599391835312, 4.470494415162902, 4.470494415162902],[1.6158702714720943, 2.7556350446559907, 3.6367811816599236, 4.239773473109723, 4.239773473109723, 4.239773473109723, 4.239773473109723, 4.239773473109723, 4.239773473109723, 4.239773473109723, 4.239773473109723],[1.6975545193479105, 2.8649956734449513, 3.765224182907234, 4.16504492937302, 4.165044929373019, 4.165044929373019, 4.165044929373019, 4.165044929373019, 4.165044929373019, 4.165044929373019, 4.165044929373019],[2.509370713254786, 4.033400916194283, 4.60254029094653, 4.60254029094653, 4.60254029094653, 4.60254029094653, 4.60254029094653, 4.60254029094653, 4.60254029094653, 4.60254029094653, 4.60254029094653],[2.362410031048628, 4.0257936979787505, 4.7049879793962, 4.704987979396201, 4.704987979396201, 4.704987979396201, 4.704987979396201, 4.704987979396201, 4.704987979396201, 4.704987979396201, 4.704987979396201],[3.320749788986668, 3.320749788986668, 3.320749788986668, 3.320749788986668, 3.320749788986668, 3.320749788986668, 3.320749788986668, 3.320749788986668, 3.320749788986668, 3.320749788986668, 3.320749788986668],[4.28528792685627, 4.28528792685627, 4.28528792685627, 4.28528792685627, 4.28528792685627, 4.28528792685627, 4.28528792685627, 4.28528792685627, 4.28528792685627, 4.28528792685627, 4.28528792685627],[4.170324668965132, 4.535554474032639, 4.611410416045942, 4.619375991550031, 4.621481551935584, 4.621601715115275, 4.621602610911622, 4.621602642463836, 4.621602642780923, 4.62160264278425, 4.621602642784251]
]

L = 8

[
[0.49999999999999994, 0.49999999999999994, 0.49999999999999994, 0.9999999999999999, 0.9999999999999999, 0.9999999999999999, 0.9999999999999999, 0.9999999999999999, 0.9999999999999999, 0.9999999999999999, 0.9999999999999999],[0.5, 1.0, 1.0, 1.5, 2.0, 2.0, 2.0, 2.0, 2.0, 2.0, 2.0],[0.5, 1.0, 1.0, 1.375, 1.75, 1.75, 2.125, 2.5, 2.5, 2.5, 2.5],[0.75, 1.125, 1.375, 1.875, 2.125, 2.375, 2.625, 3.125, 3.375, 3.625, 3.625],[0.5701597655573917, 0.8201597655573917, 1.0701597655573916, 1.5701597655573916, 1.8201597655573916, 2.0701597655573916, 2.3201597655573916, 2.7264097655573916, 2.8826597655573916, 3.0389097655573916, 4.288909765557392],[0.6989668232366724, 1.3015188712925005, 1.678803436289373, 2.147553436289373, 2.460053436289373, 2.8181886609375404, 3.0056886609375404, 3.2869386609375404, 3.5681886609375404, 3.7556886609375404, 5.216418225898433],[0.5899416804445881, 1.088193970029326, 1.3823159692664957, 1.775607052220845, 2.029436934999541, 2.4101817591675845, 2.6640116419462805, 3.0221711736045638, 3.3229448949024754, 3.5104448949024754, 5.6232511792720175],[0.9271535512344475, 1.5488071894863458, 2.10386502298091, 2.60163460982255, 3.06222169657838, 3.449692476475166, 3.8255735799485366, 4.1781316983415895, 4.5062566983415895, 4.779694198341589, 6.15216163020631],[0.9576577543150464, 1.6688882553999491, 2.30830147147394, 2.828562700552015, 3.2973127005520144, 3.760051447421975, 4.134146113400961, 4.452613843506146, 4.780738843506146, 5.054176343506146, 5.914162890203248],[1.3457340283627415, 2.25395819813433, 3.0027887632346584, 3.657350908734781, 4.286938710295218, 4.746871918503879, 5.150596448280696, 5.49198662502639, 5.821316689513369, 6.068500558884154, 6.675716765793302],[1.7328036046148538, 2.816991645228128, 3.7314365500137505, 4.4404504258578825, 4.9769925541372615, 5.3562633532913635, 5.626421260504251, 5.828771711432821, 5.965686532733812, 6.0138224356148315, 6.013822435614832],[2.0847464978272088, 3.7003807576039707, 5.205978781607316, 6.249046321274608, 6.316868089300131, 6.316868089300131, 6.316868089300131, 6.316868089300131, 6.316868089300131, 6.316868089300131, 6.316868089300131],[3.0573085800999196, 5.266077655923619, 5.358152480681583, 5.358152480681583, 5.358152480681583, 5.358152480681583, 5.358152480681583, 5.358152480681583, 5.358152480681583, 5.358152480681583, 5.358152480681583],[3.352541534299043, 5.358066617855212, 6.465136952329664, 6.906479116387569, 6.9164930413732915, 6.9164930413732915, 6.9164930413732915, 6.9164930413732915, 6.9164930413732915, 6.9164930413732915, 6.9164930413732915],[3.5499810928040736, 6.259576684445279, 6.353320110081015, 6.353320110081015, 6.353320110081015, 6.353320110081015, 6.3533201100810155, 6.353320110081015, 6.353320110081015, 6.353320110081015, 6.353320110081015],[6.18669965932938, 6.255860725134489, 6.2558607251344895, 6.255860725134489, 6.2558607251344895, 6.2558607251344895, 6.2558607251344895, 6.255860725134489, 6.2558607251344895, 6.2558607251344895, 6.2558607251344895],[6.022374771820161, 6.326357785762195, 6.354831522307885, 6.358395053105953, 6.358651086685461, 6.358655081550261, 6.358655097988115, 6.358655097999651, 6.35865509799965, 6.35865509799965, 6.35865509799965]
]

L = 9

[
[0.49999999999999994, 0.9999999999999999, 0.9999999999999999, 0.9999999999999999, 0.9999999999999999, 0.9999999999999999, 0.9999999999999999, 0.9999999999999999, 0.9999999999999999, 0.9999999999999999, 0.9999999999999999],[0.5, 1.0, 1.0, 1.5, 2.0, 2.0, 2.0, 2.0, 2.0, 2.0, 2.0],[0.875, 1.25, 1.625, 2.375, 2.75, 2.75, 2.75, 2.75, 2.75, 2.75, 2.75],[0.8801344125147914, 1.2551344125147914, 1.6301344125147914, 2.255134412514791, 2.505134412514791, 2.755134412514791, 3.005134412514791, 3.1337730171513334, 3.1337730171513334, 3.1337730171513334, 3.1337730171513334],[0.9257213818214931, 1.675721381821493, 2.1757213818214933, 2.6839975046534543, 2.9964975046534543, 3.4652475046534543, 3.7777475046534543, 4.246497504653455, 4.246497504653455, 4.246497504653455, 4.246497504653455],[0.7034513758207837, 1.2483677889302243, 1.5722496370427925, 2.0409996370427925, 2.3534996370427925, 2.634749637042793, 2.822249637042793, 3.103499637042793, 3.384749637042793, 3.572249637042793, 5.342937243184021],[1.3278195311147833, 2.3118890622295662, 3.0344689450082623, 3.6690436519550023, 4.303618358901742, 4.811278124459134, 4.8112781244591325, 4.8112781244591325, 4.8112781244591325, 4.8112781244591325, 4.8112781244591325],[1.2863900865147329, 2.1600944662809614, 2.8700264105308984, 3.519672564938278, 4.154247271885017, 4.652179596053061, 5.0280606995264305, 5.0280606995264305, 5.0280606995264305, 5.0280606995264305, 5.0280606995264305],[2.170209715364147, 3.4998324747490135, 4.360041297254564, 4.965005542139188, 5.192470915719821, 5.19247091571982, 5.19247091571982, 5.19247091571982, 5.19247091571982, 5.19247091571982, 5.19247091571982],[1.8528375674737694, 3.195140380812999, 4.306598240471145, 5.077782765085393, 5.4168068918991485, 5.416806891899149, 5.416806891899149, 5.416806891899149, 5.416806891899149, 5.416806891899149, 5.416806891899149],[3.1542478739324613, 5.108050726207249, 5.43543621127988, 5.43543621127988, 5.43543621127988, 5.43543621127988, 5.43543621127988, 5.43543621127988, 5.43543621127988, 5.43543621127988, 5.43543621127988],[4.125828394958652, 4.648675467921458, 4.648675467921458, 4.648675467921458, 4.648675467921458, 4.648675467921458, 4.648675467921458, 4.648675467921458, 4.648675467921458, 4.648675467921458, 4.648675467921458],[4.837136164622669, 5.547074442796136, 5.547074442796136, 5.547074442796136, 5.547074442796136, 5.547074442796136, 5.547074442796136, 5.547074442796136, 5.547074442796136, 5.547074442796136, 5.547074442796136],[4.8653333752427885, 5.317651734568858, 5.317651734568858, 5.317651734568858, 5.317651734568858, 5.317651734568858, 5.317651734568858, 5.317651734568858, 5.317651734568858, 5.317651734568858, 5.317651734568858],[5.052660843661336, 5.052660843661336, 5.052660843661336, 5.052660843661336, 5.052660843661336, 5.052660843661336, 5.052660843661336, 5.052660843661336, 5.052660843661336, 5.052660843661336, 5.052660843661336],[5.594617963361912, 5.594617963361912, 5.594617963361912, 5.594617963361912, 5.594617963361912, 5.594617963361912, 5.594617963361912, 5.594617963361912, 5.594617963361912, 5.594617963361912, 5.594617963361912],[5.147095410326342, 5.147095410326342, 5.147095410326342, 5.147095410326342, 5.147095410326342, 5.147095410326342, 5.147095410326342, 5.147095410326342, 5.147095410326342, 5.147095410326342, 5.147095410326342],[5.653325575556212, 5.653325575556212, 5.653325575556212, 5.653325575556212, 5.653325575556212, 5.653325575556212, 5.653325575556212, 5.653325575556212, 5.653325575556212, 5.653325575556212, 5.653325575556212],[5.922064194521561, 5.930593041142562, 5.930596108316231, 5.930596108624927, 5.930596108624927, 5.930596108624927, 5.930596108624927, 5.930596108624928, 5.930596108624927, 5.930596108624927, 5.930596108624928]
]

L = 4

[
[0.49999999999999994, 0.49999999999999994, 0.49999999999999994, 0.49999999999999994, 0.49999999999999994, 0.49999999999999994, 0.49999999999999994, 0.49999999999999994, 0.49999999999999994, 0.49999999999999994, 0.9999999999999999],[0.49999999999999994, 0.49999999999999994, 0.49999999999999994, 0.49999999999999994, 0.49999999999999994, 0.49999999999999994, 1.0, 1.0, 1.0, 1.0, 1.5],[0.49999999999999994, 0.49999999999999994, 0.49999999999999994, 0.49999999999999994, 0.49999999999999994, 0.49999999999999994, 1.0, 1.0, 1.0, 1.0, 1.5],[0.5, 0.5, 0.5, 1.0, 1.0, 1.0, 1.5, 1.5, 1.5, 2.0, 1.9999999999999998],[0.49999999999999994, 0.49999999999999994, 0.49999999999999994, 1.0, 1.0, 1.0, 1.5, 1.5, 1.5, 1.5, 1.5],[0.5, 1.0, 1.0, 1.5, 2.0, 2.0, 2.0, 2.0, 2.0, 2.0, 2.0],[0.4999999999999999, 0.9999999999999998, 0.9999999999999998, 1.4999999999999996, 1.4999999999999996, 1.4999999999999996, 1.4999999999999996, 1.4999999999999996, 1.4999999999999996, 1.4999999999999996, 1.4999999999999996],[1.0, 1.5, 1.5, 1.5, 1.5, 1.5, 1.5, 1.5, 1.5, 1.5, 1.5],[0.9999999999999998, 1.4999999999999998, 1.4999999999999998, 1.4999999999999998, 1.4999999999999998, 1.4999999999999998, 1.4999999999999998, 1.4999999999999998, 1.4999999999999998, 1.4999999999999998, 1.4999999999999998]
]

L = 5

[
[0.49999999999999994, 0.49999999999999994, 0.49999999999999994, 0.49999999999999994, 0.49999999999999994, 0.49999999999999994, 0.9999999999999999, 0.9999999999999999, 0.9999999999999999, 0.9999999999999999, 0.9999999999999999],[0.49999999999999994, 0.49999999999999994, 0.49999999999999994, 0.49999999999999994, 0.49999999999999994, 0.49999999999999994, 1.0, 1.0, 1.0, 1.0, 1.0],[0.49999999999999994, 0.49999999999999994, 0.49999999999999994, 1.0, 1.0, 1.0, 1.0, 1.0, 1.0, 1.0, 1.0],[-0.0, -0.0, -0.0, -0.0, -0.0, -0.0, -0.0, -0.0, -0.0, -0.0, -0.0],[0.49999999999999994, 0.9999999999999999, 0.9999999999999999, 0.9999999999999999, 0.9999999999999999, 0.9999999999999999, 0.9999999999999999, 0.9999999999999999, 0.9999999999999999, 0.9999999999999999, 0.9999999999999999],[0.49999999999999994, 1.0, 1.0, 1.0, 1.0, 1.0, 1.0, 1.0, 1.0, 1.0, 1.0],[-6.406853007629837e-16, -6.406853007629837e-16, -6.406853007629837e-16, -6.406853007629837e-16, -6.406853007629837e-16, -6.406853007629837e-16, -6.406853007629837e-16, -6.406853007629837e-16, -6.406853007629837e-16, -6.406853007629837e-16, -6.406853007629837e-16],[-1.2813706015259676e-15, -1.2813706015259676e-15, -1.2813706015259676e-15, -1.2813706015259676e-15, -1.2813706015259676e-15, -1.2813706015259676e-15, -1.2813706015259676e-15, -1.2813706015259676e-15, -1.2813706015259676e-15, -1.2813706015259676e-15, -1.2813706015259676e-15],[0.9999999999999998, 0.9999999999999998, 0.9999999999999998, 0.9999999999999998, 0.9999999999999998, 0.9999999999999998, 0.9999999999999998, 0.9999999999999998, 0.9999999999999998, 0.9999999999999998, 0.9999999999999998],[1.0, 1.0, 1.0, 1.0, 1.0, 1.0, 1.0, 1.0, 1.0, 1.0, 1.0],[0.9999999999999998, 0.9999999999999998, 0.9999999999999998, 0.9999999999999998, 0.9999999999999998, 0.9999999999999998, 0.9999999999999998, 0.9999999999999998, 0.9999999999999998, 0.9999999999999998, 0.9999999999999998]
]

L = 6

[
[0.49999999999999994, 0.49999999999999994, 0.49999999999999994, 0.49999999999999994, 0.49999999999999994, 0.49999999999999994, 0.9999999999999999, 0.9999999999999999, 0.9999999999999999, 0.9999999999999999, 0.9999999999999999],[0.49999999999999994, 0.49999999999999994, 0.49999999999999994, 1.0, 1.0, 1.0, 1.5, 1.5, 1.5, 1.5, 1.5],[0.5, 0.5, 0.5, 0.875, 0.875, 0.875, 1.25, 1.25, 1.25, 1.625, 2.75],[0.375, 0.75, 0.75, 1.125, 1.5, 1.5, 1.875, 2.125, 2.125, 2.375, 3.375],[0.4387565069750136, 0.8137565069750137, 0.8137565069750137, 1.1339162725324055, 1.4540760380897972, 1.4540760380897972, 1.7040760380897972, 1.9540760380897972, 1.9540760380897972, 2.2040760380897972, 3.6240058118578524],[0.7934487351738495, 1.1136085007312413, 1.4009578683181663, 1.95989603061048, 2.20989603061048, 2.45989603061048, 2.694208619816748, 3.006708619816748, 3.162958619816748, 3.319208619816748, 3.831693447384338],[0.6516890954254302, 0.9016890954254302, 1.1354446339979196, 1.5571365192747866, 1.7640914020534824, 1.9459607893763322, 2.102210789376332, 2.414710789376332, 2.570960789376332, 2.727210789376332, 4.739336090850994],[0.9280561012902555, 1.7743643019469681, 2.2106044624256387, 2.831469110761726, 3.245378876319117, 3.720313158391223, 3.9892144886305583, 4.141816181643155, 4.141816181643154, 4.141816181643154, 4.141816181643154],[0.8877358763920515, 1.5880463785948253, 1.9936780607392988, 2.506292959098822, 2.845907607434909, 3.307994157482703, 3.5768954877220387, 3.9576403118900827, 4.217183990930282, 4.36753643231963, 4.624361949958302],[1.6803711879446908, 2.8396075600749064, 3.7721461866231873, 4.1719669330889735, 4.1719669330889735, 4.1719669330889735, 4.1719669330889735, 4.1719669330889735, 4.1719669330889735, 4.1719669330889735, 4.1719669330889735],[1.5324266760726377, 2.3926069809418666, 3.0519194500764826, 3.6383964496384, 4.157146504939513, 4.571612535296274, 4.843298383036127, 4.843298383036126, 4.843298383036126, 4.843298383036126, 4.843298383036126],[2.5156217306792112, 4.027671664444915, 4.614990023817574, 4.614990023817574, 4.614990023817574, 4.614990023817574, 4.614990023817574, 4.614990023817574, 4.614990023817574, 4.614990023817574, 4.614990023817574],[2.3234648937649607, 3.8768067882953265, 4.501523859695279, 4.740805399533599, 4.870829120787543, 4.929856619037762, 4.960477821334711, 4.967702223949026, 4.969163140306717, 4.9695741606856, 4.969646632087577]
]

L = 7

[
[0.49999999999999994, 0.49999999999999994, 0.49999999999999994, 0.9999999999999999, 0.9999999999999999, 0.9999999999999999, 0.9999999999999999, 0.9999999999999999, 0.9999999999999999, 0.9999999999999999, 0.9999999999999999],[0.5, 0.5, 0.5, 1.0, 1.0, 1.0, 1.5, 1.5, 1.5, 2.0, 2.0],[0.375, 0.75, 0.75, 1.125, 1.5, 1.5, 1.875, 2.25, 2.25, 2.625, 3.0],[0.4273148814000081, 0.8023148814000083, 0.8023148814000083, 1.1773148814000085, 1.4273148814000085, 1.4273148814000085, 1.6773148814000085, 1.9273148814000085, 1.9273148814000085, 2.1773148814000085, 3.5559534860365503],[0.8546297628000162, 1.2296297628000161, 1.5497895283574077, 2.1654202967632377, 2.4154202967632377, 2.6654202967632377, 2.8216702967632377, 3.1341702967632377, 3.26280890139978, 3.391447506036322, 3.4677032462061588],[0.5701597655573916, 0.8201597655573916, 1.0701597655573916, 1.5701597655573916, 1.8201597655573916, 2.0701597655573916, 2.3201597655573916, 2.8201597655573916, 3.027114648336087, 3.234069531114783, 4.191024413893478],[0.8766127307764763, 1.5335518042902456, 1.9474615698476372, 2.568326218183725, 2.9517507369735805, 3.4205007369735805, 3.682677264962253, 4.048894605892994, 4.342547001809255, 4.442640115308729, 4.538677851905588],[0.8620481027607746, 1.6120481027607747, 2.0917093610879016, 2.7783255021937245, 3.1680175687658827, 3.6638822171019694, 3.9763822171019694, 4.230212099880665, 4.230212099880665, 4.230212099880665, 4.230212099880665],[1.6591387268997098, 2.7934815767617285, 3.660282376092278, 4.2164717381102355, 4.216471738110236, 4.216471738110236, 4.216471738110236, 4.216471738110236, 4.216471738110236, 4.216471738110236, 4.216471738110236],[1.5353484069001122, 2.500375211105076, 3.279599639198648, 3.945817280789026, 4.452929014319255, 4.6287707559143305, 4.628770755914331, 4.628770755914331, 4.628770755914331, 4.628770755914331, 4.628770755914331],[2.35605158412615, 3.571512743219815, 4.647059573108063, 4.855980935908103, 4.855980935908103, 4.855980935908103, 4.855980935908103, 4.855980935908103, 4.855980935908103, 4.855980935908103, 4.855980935908103],[3.288015863926992, 3.288015863926992, 3.288015863926992, 3.288015863926992, 3.288015863926992, 3.288015863926992, 3.288015863926992, 3.288015863926992, 3.288015863926992, 3.288015863926992, 3.288015863926992],[3.542304766200119, 4.880843743981746, 4.880843743981746, 4.880843743981746, 4.880843743981746, 4.880843743981746, 4.880843743981746, 4.880843743981746, 4.880843743981746, 4.880843743981746, 4.880843743981746],[3.53908092168961, 4.880634321670675, 4.880634321670675, 4.880634321670675, 4.880634321670675, 4.880634321670675, 4.880634321670675, 4.880634321670675, 4.880634321670675, 4.880634321670675, 4.880634321670675],[3.3067949401795835, 4.803459911242182, 5.184995054890155, 5.328664326306234, 5.3709342839337415, 5.376164503703021, 5.377014695690671, 5.377079526748741, 5.37707987951039, 5.377079882712625, 5.377079882715499]
]

L = 8

[
[0.49999999999999994, 0.49999999999999994, 0.49999999999999994, 0.9999999999999999, 0.9999999999999999, 0.9999999999999999, 0.9999999999999999, 0.9999999999999999, 0.9999999999999999, 0.9999999999999999, 0.9999999999999999],[0.5, 1.0, 1.0, 1.5, 2.0, 2.0, 2.0, 2.0, 2.0, 2.0, 2.0],[0.375, 0.75, 0.75, 1.125, 1.5, 1.5, 1.875, 2.25, 2.25, 2.625, 3.0],[0.8023148814000081, 1.052314881400008, 1.302314881400008, 1.802314881400008, 2.052314881400008, 2.302314881400008, 2.552314881400008, 3.052314881400008, 3.302314881400008, 3.552314881400008, 3.6809534860365503],[0.7186712686768278, 0.968671268676828, 1.218671268676828, 1.718671268676828, 1.968671268676828, 2.188048449310874, 2.344298449310874, 2.656798449310874, 2.813048449310874, 2.969298449310874, 4.191972368824453],[0.6581055096571493, 1.260657557712977, 1.5731575577129773, 2.0419075577129773, 2.3544075577129773, 2.8231575577129773, 3.1356575577129773, 3.5419075577129773, 3.823157557712977, 4.010657557712976, 5.116212524431832],[0.7261473521043589, 1.2183937230929578, 1.5308937230929578, 1.9870204716962596, 2.253396613261261, 2.6341414374293044, 2.8216414374293044, 3.1028914374293044, 3.384141437429305, 3.571641437429305, 5.431852904620734],[1.4334894951312511, 2.2638679378672117, 2.898442644813951, 3.499852410371343, 3.968602410371343, 4.358357934228323, 4.734239037701692, 5.009381569738455, 5.100160405664387, 5.100160405664387, 5.100160405664387],[0.8758148850606788, 1.4899891000365781, 2.0252478302697927, 2.49977856737372, 2.958066864690435, 3.3591918372208815, 3.735072940694251, 4.104724986290187, 4.509714898251771, 4.804506798368854, 6.163449442479954],[1.0842482971882317, 1.975757458318443, 2.7437010131187214, 3.4114278475599673, 4.048804245697693, 4.55205203059145, 4.974392655783546, 5.3343352209419574, 5.686471907278378, 5.998971907278378, 6.8990254374964985],[1.501560037638884, 2.5062830092446875, 3.349164389785421, 4.041460261580787, 4.662786126294609, 5.137328868091029, 5.50290411190662, 5.79500060698262, 6.048089850687311, 6.226833827208127, 6.3469390746407806],[1.9288300709435147, 3.369754627820855, 4.600888345967011, 5.4686814994501995, 6.093766714926043, 6.447976252003103, 6.721812898087766, 6.878560417936021, 6.878560417936022, 6.878560417936022, 6.87856041793602],[2.257909601051153, 3.9946483747042283, 5.451017007511389, 6.181990355665035, 6.212413970973527, 6.212413970973527, 6.212413970973526, 6.212413970973527, 6.212413970973527, 6.212413970973527, 6.212413970973527],[4.0832833587494255, 6.158205982058826, 6.204783055717961, 6.20478305571796, 6.204783055717961, 6.204783055717961, 6.204783055717961, 6.20478305571796, 6.204783055717961, 6.204783055717961, 6.204783055717961],[3.3013030846432394, 5.386365320987302, 6.504221795505449, 6.878373772383021, 6.87837377238302, 6.8783737723830205, 6.87837377238302, 6.878373772383021, 6.87837377238302, 6.87837377238302, 6.8783737723830205],[6.197456594017687, 6.24807955736924, 6.24807955736924, 6.24807955736924, 6.24807955736924, 6.24807955736924, 6.24807955736924, 6.24807955736924, 6.24807955736924, 6.24807955736924, 6.24807955736924],[6.001509198094749, 6.440749363294127, 6.485878154805842, 6.497048437230424, 6.498487449695278, 6.4987150098322495, 6.49873223199176, 6.498733039562238, 6.498733082606429, 6.49873308426728, 6.49873308433889]
]

L = 9

[
[0.49999999999999994, 0.9999999999999999, 0.9999999999999999, 0.9999999999999999, 0.9999999999999999, 0.9999999999999999, 0.9999999999999999, 0.9999999999999999, 0.9999999999999999, 0.9999999999999999, 0.9999999999999999],[0.5, 1.0, 1.0, 1.5, 2.0, 2.0, 2.0, 2.0, 2.0, 2.0, 2.0],[1.0, 1.375, 1.75, 2.5, 2.5, 2.5, 2.5, 2.5, 2.5, 2.5, 2.5],[0.75, 1.0, 1.25, 1.75, 2.0, 2.25, 2.5, 3.0, 3.25, 3.5, 3.75],[0.875, 1.625, 2.125, 2.875, 3.1875, 3.65625, 3.96875, 4.125, 4.125, 4.125, 4.125],[0.9363763951448225, 1.7610751303186722, 2.2610751303186722, 2.9349868808647086, 3.3488966464221006, 3.8176466464221, 4.0051466464221, 4.067126085276176, 4.067126085276177, 4.067126085276177, 4.067126085276177],[1.5239292974387426, 2.558703711332222, 3.251948535500265, 3.886523242447005, 4.495909433527682, 4.617724147756755, 4.617724147756753, 4.617724147756753, 4.617724147756753, 4.617724147756753, 4.617724147756753],[1.2640234498835135, 2.1708796741160232, 2.9086325536840163, 3.5884216030126748, 4.222996309959414, 4.702354854822132, 5.006062157731284, 5.006062157731285, 5.006062157731285, 5.006062157731285, 5.006062157731285],[1.7145578596163853, 2.754225107505431, 3.5379621953372338, 4.289724402283974, 5.055196667841365, 5.500911535967397, 5.881144367274512, 5.922952719773548, 5.922952719773548, 5.922952719773548, 5.922952719773548],[2.5902600347574847, 4.283889992680943, 4.283889992680943, 4.283889992680943, 4.283889992680943, 4.283889992680943, 4.283889992680943, 4.283889992680943, 4.283889992680943, 4.283889992680943, 4.283889992680943],[3.0776416306600614, 4.9928812534917695, 5.496312029586246, 5.496312029586246, 5.496312029586246, 5.496312029586246, 5.496312029586246, 5.496312029586246, 5.496312029586246, 5.496312029586246, 5.496312029586246],[3.592015631625994, 5.0343249468252855, 5.122533021754048, 5.122533021754048, 5.122533021754048, 5.122533021754048, 5.122533021754048, 5.122533021754048, 5.122533021754048, 5.122533021754048, 5.122533021754048],[4.649476370192035, 5.750179366800726, 5.750179366800726, 5.750179366800726, 5.750179366800726, 5.750179366800726, 5.750179366800726, 5.750179366800726, 5.750179366800726, 5.750179366800726, 5.750179366800726],[5.097232736581591, 5.437176879698323, 5.437176879698323, 5.437176879698323, 5.437176879698323, 5.437176879698323, 5.437176879698323, 5.437176879698323, 5.437176879698323, 5.437176879698323, 5.437176879698323],[5.229210829039529, 5.229210829039529, 5.229210829039529, 5.229210829039529, 5.229210829039529, 5.229210829039529, 5.229210829039529, 5.229210829039529, 5.229210829039529, 5.229210829039529, 5.229210829039529],[6.043409356298528, 6.043409356298528, 6.043409356298528, 6.043409356298528, 6.043409356298528, 6.043409356298528, 6.043409356298528, 6.043409356298528, 6.043409356298528, 6.043409356298528, 6.043409356298528],[5.754319896756634, 5.754319896756634, 5.754319896756634, 5.754319896756634, 5.754319896756634, 5.754319896756634, 5.754319896756634, 5.754319896756634, 5.754319896756634, 5.754319896756634, 5.754319896756634],[6.043900434021253, 6.043900434021253, 6.043900434021253, 6.043900434021253, 6.043900434021253, 6.043900434021253, 6.043900434021253, 6.043900434021253, 6.043900434021253, 6.043900434021253, 6.043900434021253],[5.437414526828421, 5.438312610681478, 5.43831274850134, 5.438312748503488, 5.438312748503489, 5.438312748503489, 5.438312748503488, 5.438312748503489, 5.438312748503489, 5.438312748503489, 5.438312748503488]
]

