
L = 4

[
[0.49999999999999994, 0.49999999999999994, 0.49999999999999994, 0.49999999999999994, 0.49999999999999994, 0.49999999999999994, 0.49999999999999994, 0.49999999999999994, 0.49999999999999994, 0.49999999999999994, 0.9999999999999999],[0.5, 0.5, 0.5, 0.5, 0.5, 0.5, 1.0, 1.0, 1.0, 1.0, 2.0],[0.49999999999999994, 0.49999999999999994, 0.49999999999999994, 0.49999999999999994, 0.49999999999999994, 0.49999999999999994, 1.0, 1.0, 1.0, 1.0, 1.5],[0.5, 0.5, 0.5, 1.0, 1.0, 1.0, 1.5, 1.5, 1.5, 2.0, 2.0],[0.5, 0.5, 0.5, 1.0, 1.0, 1.0, 1.5, 1.5, 1.5, 2.0, 2.0],[0.5, 1.0, 1.0, 1.5, 2.0, 2.0, 2.0, 2.0, 2.0, 2.0, 1.9999999999999998],[0.5, 1.0, 1.0, 1.5, 2.0, 2.0, 2.0, 2.0, 2.0, 2.0, 2.0],[1.0, 1.5, 2.0, 2.0, 2.0, 2.0, 2.0, 2.0, 2.0, 2.0, 2.0],[1.0, 1.5, 1.5, 1.5, 1.5, 1.5, 1.5, 1.5, 1.5, 1.5, 1.5]
]

L = 5

[
[0.49999999999999994, 0.49999999999999994, 0.49999999999999994, 0.49999999999999994, 0.49999999999999994, 0.49999999999999994, 0.9999999999999999, 0.9999999999999999, 0.9999999999999999, 0.9999999999999999, 0.9999999999999999],[0.49999999999999994, 0.49999999999999994, 0.49999999999999994, 0.49999999999999994, 0.49999999999999994, 0.49999999999999994, 1.0, 1.0, 1.0, 1.0, 1.0],[-6.406853007629837e-16, -6.406853007629837e-16, -6.406853007629837e-16, -6.406853007629837e-16, -6.406853007629837e-16, -6.406853007629837e-16, -6.406853007629837e-16, -6.406853007629837e-16, -6.406853007629837e-16, -6.406853007629837e-16, -6.406853007629837e-16],[-0.0, -0.0, -0.0, -0.0, -0.0, -0.0, -0.0, -0.0, -0.0, -0.0, -0.0],[0.49999999999999994, 0.9999999999999999, 0.9999999999999999, 0.9999999999999999, 0.9999999999999999, 0.9999999999999999, 0.9999999999999999, 0.9999999999999999, 0.9999999999999999, 0.9999999999999999, 0.9999999999999999],[0.49999999999999994, 0.9999999999999999, 0.9999999999999999, 0.9999999999999999, 0.9999999999999999, 0.9999999999999999, 0.9999999999999999, 0.9999999999999999, 0.9999999999999999, 0.9999999999999999, 0.9999999999999999],[0.9999999999999998, 0.9999999999999998, 0.9999999999999998, 0.9999999999999998, 0.9999999999999998, 0.9999999999999998, 0.9999999999999998, 0.9999999999999998, 0.9999999999999998, 0.9999999999999998, 0.9999999999999998],[1.0, 1.0, 1.0, 1.0, 1.0, 1.0, 1.0, 1.0, 1.0, 1.0, 1.0],[-6.406853007629837e-16, -6.406853007629837e-16, -6.406853007629837e-16, -6.406853007629837e-16, -6.406853007629837e-16, -6.406853007629837e-16, -6.406853007629837e-16, -6.406853007629837e-16, -6.406853007629837e-16, -6.406853007629837e-16, -6.406853007629837e-16],[0.9999999999999998, 0.9999999999999998, 0.9999999999999998, 0.9999999999999998, 0.9999999999999998, 0.9999999999999998, 0.9999999999999998, 0.9999999999999998, 0.9999999999999998, 0.9999999999999998, 0.9999999999999998],[1.0, 1.0, 1.0, 1.0, 1.0, 1.0, 1.0, 1.0, 1.0, 1.0, 1.0]
]

L = 6

[
[0.49999999999999994, 0.49999999999999994, 0.49999999999999994, 0.49999999999999994, 0.49999999999999994, 0.49999999999999994, 0.9999999999999999, 0.9999999999999999, 0.9999999999999999, 0.9999999999999999, 0.9999999999999999],[0.5, 0.5, 0.5, 1.0, 1.0, 1.0, 1.5, 1.5, 1.5, 2.0, 2.0],[0.5, 0.5, 0.5, 1.0, 1.0, 1.0, 1.375, 1.375, 1.375, 1.75, 2.5],[0.5, 0.9273148814000081, 0.9273148814000081, 1.302314881400008, 1.677314881400008, 1.677314881400008, 1.927314881400008, 2.177314881400008, 2.177314881400008, 2.427314881400008, 3.0559534860365503],[0.3349362631784599, 0.6304072660268981, 0.6304072660268981, 0.8804072660268982, 1.1304072660268982, 1.1304072660268982, 1.3804072660268982, 1.6304072660268982, 1.6304072660268982, 1.8804072660268982, 4.276583480823842],[0.7194564530542944, 1.039616218611686, 1.3597759841690775, 1.9160535003567223, 2.166053500356722, 2.416053500356722, 2.572303500356722, 2.884803500356722, 3.041053500356722, 3.197303500356722, 3.9885221760729244],[0.6403195311147833, 0.9604792966721749, 1.2297814450082625, 1.7683857416804374, 2.0376878900165245, 2.2446427727952205, 2.4515976555739165, 2.8655074211313085, 3.0724623039100045, 3.2794171866887, 4.099576952246091],[1.2549269342657683, 2.2932257620527263, 2.7408480853158492, 3.1661400136576923, 3.1661400136576923, 3.1661400136576923, 3.1661400136576923, 3.1661400136576923, 3.1661400136576923, 3.1661400136576923, 3.1661400136576923],[0.7158996080204734, 1.3471215555622762, 1.7559267503094254, 2.3228876924284454, 2.7008616538411254, 3.2102836263452565, 3.5498982746813437, 4.016427864406778, 4.348306379964171, 4.507454063502752, 4.71574182360985],[1.5311918256181114, 2.6662671013079193, 3.6282836004317534, 4.2743730665872395, 4.2743730665872395, 4.2743730665872395, 4.2743730665872395, 4.2743730665872395, 4.2743730665872395, 4.2743730665872395, 4.2743730665872395],[1.5529303765328994, 2.5534846767023973, 3.318898942446275, 3.9291584044565218, 4.366628844289123, 4.642868224754379, 4.642868224754379, 4.642868224754379, 4.642868224754379, 4.642868224754379, 4.642868224754379],[2.8636468428319937, 4.148154165785516, 4.148154165785516, 4.148154165785516, 4.148154165785516, 4.148154165785516, 4.148154165785516, 4.148154165785516, 4.148154165785516, 4.148154165785516, 4.148154165785516],[2.1601341285190503, 3.5272967925256427, 4.530014705513324, 4.896170645398758, 5.068090384356629, 5.160779589865207, 5.21238117007251, 5.24653639455568, 5.261385015187987, 5.263013380778943, 5.264178340958934]
]

L = 7

[
[0.49999999999999994, 0.49999999999999994, 0.49999999999999994, 0.9999999999999999, 0.9999999999999999, 0.9999999999999999, 0.9999999999999999, 0.9999999999999999, 0.9999999999999999, 0.9999999999999999, 0.9999999999999999],[0.49999999999999994, 0.49999999999999994, 0.49999999999999994, 1.0, 1.0, 1.0, 1.5, 1.5, 1.5, 1.5, 1.5],[0.5, 0.875, 0.875, 1.25, 1.625, 1.625, 2.0, 2.375, 2.375, 2.75, 2.75],[0.4528195311147832, 0.9056390622295664, 0.9056390622295664, 1.3584585933443496, 1.7334585933443496, 1.7334585933443496, 2.1084585933443494, 2.3584585933443494, 2.3584585933443494, 2.6084585933443494, 2.8584585933443494],[0.8505245584602701, 1.22552455846027, 1.5456843240176616, 2.0456843240176616, 2.2956843240176616, 2.5456843240176616, 2.7956843240176616, 3.1266287747306056, 3.2828787747306056, 3.4391287747306056, 3.439128774730606],[0.6403195311147833, 0.9604792966721749, 1.2806390622295665, 1.850798827786958, 2.1007988277869583, 2.3507988277869583, 2.5577537105656543, 2.971663476123046, 3.127913476123046, 3.284163476123046, 4.034163476123045],[0.9104044333702876, 1.609231211022228, 2.0029203474354738, 2.4716703474354738, 2.734900709720175, 3.1156455338882183, 3.3694754166669143, 3.7502202408349583, 4.130965065003002, 4.384794947781698, 4.612872930181984],[1.0701597655573916, 2.0306390622295662, 2.6709585933443494, 3.3112781244591325, 3.3112781244591325, 3.3112781244591325, 3.3112781244591325, 3.3112781244591325, 3.3112781244591325, 3.3112781244591325, 3.3112781244591325],[1.676195734145866, 2.804842055835371, 3.6702476175126346, 4.196669215858795, 4.196669215858794, 4.196669215858794, 4.196669215858794, 4.196669215858794, 4.196669215858794, 4.196669215858794, 4.196669215858794],[2.1793706916052806, 3.2435747424550034, 3.2435747424550034, 3.2435747424550034, 3.2435747424550034, 3.2435747424550034, 3.2435747424550034, 3.2435747424550034, 3.2435747424550034, 3.2435747424550034, 3.2435747424550034],[2.641050834013596, 4.287101624774196, 4.287101624774195, 4.287101624774195, 4.287101624774195, 4.287101624774195, 4.287101624774195, 4.287101624774195, 4.287101624774195, 4.287101624774195, 4.287101624774195],[2.2868595030965007, 3.549735265306576, 4.586244613768557, 4.946024668873881, 4.946024668873881, 4.946024668873881, 4.946024668873881, 4.946024668873881, 4.946024668873881, 4.946024668873881, 4.946024668873881],[3.569912632669995, 4.861289563807037, 4.861289563807037, 4.861289563807037, 4.861289563807037, 4.861289563807037, 4.861289563807037, 4.861289563807037, 4.861289563807037, 4.861289563807037, 4.861289563807037],[3.4404836779845125, 4.966152061070182, 4.966152061070182, 4.966152061070182, 4.966152061070182, 4.966152061070182, 4.966152061070182, 4.966152061070182, 4.966152061070182, 4.966152061070182, 4.966152061070182],[4.02323381348595, 4.606973909842236, 4.711588616807041, 4.727741601476847, 4.728944788249645, 4.729126947392404, 4.729132543202365, 4.729132649410891, 4.72913265053646, 4.72913265054465, 4.72913265054465]
]

L = 8

[
[0.49999999999999994, 0.49999999999999994, 0.49999999999999994, 0.9999999999999999, 0.9999999999999999, 0.9999999999999999, 0.9999999999999999, 0.9999999999999999, 0.9999999999999999, 0.9999999999999999, 0.9999999999999999],[0.5, 1.0, 1.0, 1.5, 2.0, 2.0, 2.0, 2.0, 2.0, 2.0, 2.0],[0.5242724216239032, 0.8992724216239032, 0.8992724216239032, 1.2742724216239032, 1.6492724216239032, 1.6492724216239032, 2.024272421623903, 2.300438018346428, 2.300438018346428, 2.300438018346428, 2.300438018346428],[0.625, 0.875, 1.125, 1.625, 1.875, 2.125, 2.375, 2.875, 3.125, 3.375, 3.875],[0.5454710028484384, 0.7954710028484384, 1.0454710028484384, 1.5454710028484384, 1.7954710028484384, 1.9517210028484384, 2.1079710028484384, 2.4204710028484384, 2.5767210028484384, 2.7329710028484384, 4.527976743018275],[0.6507323841152379, 1.2715970324513253, 1.6488815974481976, 2.1176315974481974, 2.4301315974481974, 2.747935248825879, 2.935435248825879, 3.216685248825879, 3.497935248825879, 3.685435248825879, 5.267654395329144],[0.6262353233385329, 1.1286151118093732, 1.4411151118093735, 1.8960065507066441, 2.1756139930183056, 2.5563588171863496, 2.8101886999650456, 3.150186934023396, 3.4357162752352863, 3.6232162752352863, 5.555687474054906],[0.9783644829996394, 1.6345138536338015, 2.2334350564005185, 2.762777605507976, 3.2398623799569135, 3.675675829574365, 4.003569417833018, 4.282709034673111, 4.610834034673111, 4.884271534673111, 6.022174438771698],[1.1518905974843772, 1.901818075141874, 2.545774854078057, 3.1341931137701073, 3.584895848673273, 3.960776952146643, 4.276453681348272, 4.549891181348272, 4.878016181348272, 5.151453681348272, 5.674226833748728],[2.0054147591012526, 3.153434583515647, 4.0338900935819275, 4.692146716924504, 5.1981004525191885, 5.494543983265892, 5.580494529430016, 5.580494529430016, 5.580494529430016, 5.580494529430016, 5.580494529430016],[1.313417340670444, 2.2007322487150613, 2.9717718460028064, 3.6497413502680036, 4.302041897853102, 4.797599223374619, 5.207256254014053, 5.540387110551515, 5.870782335703815, 6.126424942799425, 6.681041953818846],[1.733881566372098, 3.1454942805683825, 4.317839398112204, 5.160427479572517, 5.857288546191137, 6.405330568077272, 6.810409833296861, 7.018028596191304, 7.040444703909637, 7.040444703909638, 7.040444703909637],[1.983334762168484, 3.2963246798401635, 4.412982677017887, 5.250656880181406, 5.941920030869144, 6.452018874239314, 6.736985508429561, 6.905997380623833, 6.931590113131517, 6.931590113131518, 6.931590113131518],[3.8406067620927473, 6.2070978968034005, 6.287803427276705, 6.287803427276705, 6.287803427276705, 6.287803427276705, 6.287803427276705, 6.287803427276705, 6.287803427276705, 6.287803427276705, 6.287803427276705],[3.7258192728337916, 6.255519919242859, 6.3005303166797635, 6.3005303166797635, 6.3005303166797635, 6.3005303166797635, 6.300530316679763, 6.3005303166797635, 6.3005303166797635, 6.3005303166797635, 6.3005303166797635],[5.337164638292526, 6.933606999761485, 6.956885852710668, 6.956885852710668, 6.956885852710668, 6.956885852710668, 6.956885852710667, 6.956885852710668, 6.956885852710667, 6.956885852710668, 6.956885852710667],[4.945255327620186, 6.569522077749776, 7.134419662568881, 7.323038939959523, 7.391259505109428, 7.419002730854208, 7.4282324697558515, 7.43059892787533, 7.431146463106038, 7.431261488011722, 7.43128089941868]
]

L = 9

[
[0.49999999999999994, 0.9999999999999999, 0.9999999999999999, 0.9999999999999999, 0.9999999999999999, 0.9999999999999999, 0.9999999999999999, 0.9999999999999999, 0.9999999999999999, 0.9999999999999999, 0.9999999999999999],[0.5, 1.0, 1.0, 1.5, 2.0, 2.0, 2.0, 2.0, 2.0, 2.0, 2.0],[0.75, 1.125, 1.5, 2.25, 2.625, 3.0, 3.0, 3.0, 3.0, 3.0, 3.0],[0.8023148814000081, 1.177314881400008, 1.427314881400008, 1.927314881400008, 2.177314881400008, 2.427314881400008, 2.677314881400008, 3.177314881400008, 3.427314881400008, 3.5559534860365503, 3.5559534860365503],[1.0153195311147831, 1.9757988277869578, 2.5459585933443494, 3.1084585933443494, 3.4209585933443494, 3.7334585933443494, 3.7334585933443494, 3.7334585933443494, 3.7334585933443494, 3.7334585933443494, 3.7334585933443494],[0.875, 1.625, 1.9882048827786958, 2.456954882778696, 2.769454882778696, 3.238204882778696, 3.550704882778696, 3.956954882778696, 4.238204882778696, 4.425704882778696, 4.519454882778696],[1.3708646483360878, 2.253524413893479, 3.005439355282827, 3.540519238061523, 4.009269238061523, 4.478019238061523, 4.790519238061523, 5.063956738061523, 5.063956738061523, 5.063956738061523, 5.063956738061523],[1.587170391471443, 2.663478599149424, 3.471843247485511, 4.098758188874859, 4.452235630264207, 4.452235630264207, 4.452235630264207, 4.452235630264207, 4.452235630264207, 4.452235630264207, 4.452235630264207],[2.026262299022815, 3.3906872396000973, 4.366067100901529, 5.088064880655293, 5.270803750453036, 5.270803750453036, 5.270803750453036, 5.270803750453036, 5.270803750453036, 5.270803750453036, 5.270803750453036],[1.8917743124143418, 3.3549930053049817, 4.51765397236544, 5.2100923050273265, 5.2100923050273265, 5.2100923050273265, 5.2100923050273265, 5.2100923050273265, 5.2100923050273265, 5.2100923050273265, 5.2100923050273265],[3.165513445451561, 5.013901993469322, 5.413209276598823, 5.413209276598823, 5.413209276598823, 5.413209276598823, 5.413209276598823, 5.413209276598823, 5.413209276598823, 5.413209276598823, 5.413209276598823],[3.435377857391206, 5.170465969977481, 5.170465969977481, 5.170465969977481, 5.170465969977481, 5.170465969977481, 5.170465969977481, 5.170465969977481, 5.170465969977481, 5.170465969977481, 5.170465969977481],[5.264413699133079, 5.264413699133079, 5.264413699133079, 5.264413699133079, 5.264413699133079, 5.264413699133079, 5.264413699133079, 5.264413699133079, 5.264413699133079, 5.264413699133079, 5.264413699133079],[5.014929731952443, 5.419881931987342, 5.419881931987342, 5.419881931987342, 5.419881931987342, 5.419881931987342, 5.419881931987342, 5.419881931987342, 5.419881931987342, 5.419881931987342, 5.419881931987342],[5.306660786410458, 5.306660786410458, 5.306660786410458, 5.306660786410458, 5.306660786410458, 5.306660786410458, 5.306660786410458, 5.306660786410458, 5.306660786410458, 5.306660786410458, 5.306660786410458],[5.752198852834311, 5.752198852834311, 5.752198852834311, 5.752198852834311, 5.752198852834311, 5.752198852834311, 5.752198852834311, 5.752198852834311, 5.752198852834311, 5.752198852834311, 5.752198852834311],[4.307021796303918, 4.307021796303918, 4.307021796303918, 4.307021796303918, 4.307021796303918, 4.307021796303918, 4.307021796303918, 4.307021796303918, 4.307021796303918, 4.307021796303918, 4.307021796303918],[5.228803466566076, 5.228803466566076, 5.228803466566076, 5.228803466566076, 5.228803466566076, 5.228803466566076, 5.228803466566076, 5.228803466566076, 5.228803466566076, 5.228803466566076, 5.228803466566076],[5.576005928369629, 5.57763934771425, 5.5776393745792605, 5.577639374579261, 5.577639374579261, 5.5776393745792605, 5.577639374579261, 5.577639374579261, 5.57763937457926, 5.577639374579261, 5.577639374579262]
]

L = 4

[
[0.49999999999999994, 0.49999999999999994, 0.49999999999999994, 0.49999999999999994, 0.49999999999999994, 0.49999999999999994, 0.49999999999999994, 0.49999999999999994, 0.49999999999999994, 0.49999999999999994, 0.9999999999999999],[0.49999999999999994, 0.49999999999999994, 0.49999999999999994, 0.49999999999999994, 0.49999999999999994, 0.49999999999999994, 1.0, 1.0, 1.0, 1.0, 1.5],[0.5, 0.5, 0.5, 0.5, 0.5, 0.5, 1.0, 1.0, 1.0, 1.0, 2.0],[0.5, 0.5, 0.5, 1.0, 1.0, 1.0, 1.5, 1.5, 1.5, 2.0, 2.0],[0.49999999999999994, 0.49999999999999994, 0.49999999999999994, 1.0, 1.0, 1.0, 1.5, 1.5, 1.5, 1.5, 1.5],[0.5, 1.0, 1.0, 1.5, 1.5, 1.5, 1.5, 1.5, 1.5, 1.5, 1.5],[0.4999999999999999, 0.9999999999999998, 0.9999999999999998, 1.4999999999999996, 1.4999999999999996, 1.4999999999999996, 1.4999999999999996, 1.4999999999999996, 1.4999999999999996, 1.4999999999999996, 1.4999999999999996],[1.0, 1.5, 1.5, 1.5, 1.5, 1.5, 1.5, 1.5, 1.5, 1.5, 1.5],[1.0, 1.5, 1.9999999999999998, 1.9999999999999998, 1.9999999999999998, 1.9999999999999998, 1.9999999999999998, 1.9999999999999998, 1.9999999999999998, 1.9999999999999998, 1.9999999999999998]
]

L = 5

[
[0.49999999999999994, 0.49999999999999994, 0.49999999999999994, 0.49999999999999994, 0.49999999999999994, 0.49999999999999994, 0.9999999999999999, 0.9999999999999999, 0.9999999999999999, 0.9999999999999999, 0.9999999999999999],[-0.0, -0.0, -0.0, -0.0, -0.0, -0.0, -0.0, -0.0, -0.0, -0.0, -0.0],[0.49999999999999994, 0.49999999999999994, 0.49999999999999994, 0.9999999999999999, 0.9999999999999999, 0.9999999999999999, 0.9999999999999999, 0.9999999999999999, 0.9999999999999999, 0.9999999999999999, 0.9999999999999999],[0.49999999999999994, 0.49999999999999994, 0.49999999999999994, 1.0, 1.0, 1.0, 1.0, 1.0, 1.0, 1.0, 1.0],[0.4999999999999999, 0.9999999999999999, 0.9999999999999999, 0.9999999999999999, 0.9999999999999999, 0.9999999999999999, 0.9999999999999999, 0.9999999999999999, 0.9999999999999999, 0.9999999999999999, 0.9999999999999999],[0.49999999999999994, 1.0, 1.0, 1.0, 1.0, 1.0, 1.0, 1.0, 1.0, 1.0, 1.0],[0.9999999999999998, 0.9999999999999998, 0.9999999999999998, 0.9999999999999998, 0.9999999999999998, 0.9999999999999998, 0.9999999999999998, 0.9999999999999998, 0.9999999999999998, 0.9999999999999998, 0.9999999999999998],[1.0000000000000002, 1.0000000000000002, 1.0000000000000002, 1.0000000000000002, 1.0000000000000002, 1.0000000000000002, 1.0000000000000002, 1.0000000000000002, 1.0000000000000002, 1.0000000000000002, 1.0000000000000002],[1.0, 1.0, 1.0, 1.0, 1.0, 1.0, 1.0, 1.0, 1.0, 1.0, 1.0],[-1.2813706015259676e-15, -1.2813706015259676e-15, -1.2813706015259676e-15, -1.2813706015259676e-15, -1.2813706015259676e-15, -1.2813706015259676e-15, -1.2813706015259676e-15, -1.2813706015259676e-15, -1.2813706015259676e-15, -1.2813706015259676e-15, -1.2813706015259676e-15],[0.9999999999999999, 0.9999999999999999, 0.9999999999999999, 0.9999999999999999, 0.9999999999999999, 0.9999999999999999, 0.9999999999999999, 0.9999999999999999, 0.9999999999999999, 0.9999999999999999, 0.9999999999999999]
]

L = 6

[
[-6.406853007629837e-16, -6.406853007629837e-16, -6.406853007629837e-16, -6.406853007629837e-16, -6.406853007629837e-16, -6.406853007629837e-16, -6.406853007629837e-16, -6.406853007629837e-16, -6.406853007629837e-16, -6.406853007629837e-16, -6.406853007629837e-16],[0.49999999999999994, 0.49999999999999994, 0.49999999999999994, 1.0, 1.0, 1.0, 1.5, 1.5, 1.5, 1.5, 1.5],[0.375, 0.375, 0.375, 0.75, 0.75, 0.75, 1.125, 1.125, 1.125, 1.5, 3.0],[0.4528195311147832, 0.9056390622295664, 0.9056390622295664, 1.3584585933443496, 1.7334585933443496, 1.7334585933443496, 1.9834585933443496, 2.2334585933443494, 2.2334585933443494, 2.4834585933443494, 2.9834585933443494],[0.5, 0.9528195311147831, 0.9528195311147831, 1.4056390622295662, 1.6556390622295662, 1.6556390622295662, 1.9056390622295662, 2.1556390622295662, 2.1556390622295662, 2.4056390622295662, 2.9056390622295662],[0.7181390622295665, 1.038298827786958, 1.3584585933443496, 1.9404646029959214, 2.190464602995921, 2.397419485774617, 2.604374368553313, 3.0182841341107043, 3.1745341341107043, 3.3307841341107043, 3.9330671899706573],[0.5831078042188436, 0.8727814161544776, 1.1561195309455665, 1.6472510527397217, 1.8765363304396965, 2.0834912132183923, 2.2904460959970883, 2.7043558615544794, 2.8916217154627986, 3.0478717154627986, 4.438165733666918],[0.8066515159230123, 1.5363127742501392, 2.015974032577266, 2.6697144272982216, 3.0836241928556136, 3.630193723970396, 3.969808372306483, 4.266530637863875, 4.266530637863875, 4.266530637863875, 4.266530637863875],[0.9348614952884013, 1.7607402669843282, 2.1974143581106236, 2.8410433320156145, 3.254953097573006, 3.721736527111859, 3.990854822675007, 4.146016463106086, 4.146016463106085, 4.146016463106085, 4.146016463106085],[1.535084870317565, 2.640381273804914, 3.585316177336614, 4.283725130547086, 4.283725130547085, 4.283725130547085, 4.283725130547085, 4.283725130547085, 4.283725130547085, 4.283725130547085, 4.283725130547085],[1.574536204056918, 2.7785269740655805, 3.7816620508821908, 4.199856572711373, 4.199856572711372, 4.199856572711372, 4.199856572711372, 4.199856572711372, 4.199856572711372, 4.199856572711372, 4.199856572711372],[3.285297491325557, 3.285297491325557, 3.285297491325557, 3.285297491325557, 3.285297491325557, 3.285297491325557, 3.285297491325557, 3.285297491325557, 3.285297491325557, 3.285297491325557, 3.285297491325557],[2.4554970421222344, 4.072624868367981, 4.522291239234779, 4.6874982196223725, 4.745207350339235, 4.760612992772424, 4.764233720988875, 4.765185671673686, 4.765439872768565, 4.765442802893554, 4.765442959956034]
]

L = 7

[
[0.49999999999999994, 0.49999999999999994, 0.49999999999999994, 0.9999999999999999, 0.9999999999999999, 0.9999999999999999, 0.9999999999999999, 0.9999999999999999, 0.9999999999999999, 0.9999999999999999, 0.9999999999999999],[0.5, 0.5, 0.5, 1.0, 1.0, 1.0, 1.5, 1.5, 1.5, 2.0, 2.0],[0.5, 1.0, 1.0, 1.375, 1.75, 1.75, 2.125, 2.5, 2.5, 2.5, 2.5],[0.5, 0.875, 0.875, 1.25, 1.625, 1.625, 2.0, 2.25, 2.25, 2.5, 3.0],[0.75, 1.0, 1.25, 1.75, 2.0, 2.25, 2.5, 3.0, 3.25, 3.40625, 3.875],[0.718514096771115, 1.0386738623285066, 1.3491882417464383, 1.8606801858755766, 2.1106801858755766, 2.3606801858755766, 2.6106801858755766, 2.9980494371904136, 3.1542994371904136, 3.3105494371904136, 3.997729644143135],[0.9225291624300407, 1.7588555014422638, 2.278157649778351, 2.899022298114439, 3.31293206367183, 3.738998076184805, 3.992827958963501, 4.094554384486786, 4.094554384486786, 4.094554384486786, 4.094554384486786],[0.8440008835099373, 1.5940008835099373, 2.083831512673501, 2.770447653779324, 3.1601397203514825, 3.6695616928556127, 3.9820616928556127, 4.235891575634309, 4.235891575634309, 4.235891575634309, 4.235891575634309],[1.4283795807468935, 2.3529230732743565, 3.1029046619566323, 3.752767781687824, 4.302842744705857, 4.675869036350758, 4.870645380757955, 4.870645380757955, 4.870645380757955, 4.870645380757955, 4.870645380757955],[1.7332700436848096, 2.756130099918318, 3.640198294048849, 4.173469441404284, 4.173469441404284, 4.173469441404284, 4.173469441404284, 4.173469441404284, 4.173469441404284, 4.173469441404284, 4.173469441404284],[2.426865038388991, 4.041604852628675, 4.633623565246413, 4.633623565246413, 4.633623565246413, 4.633623565246413, 4.633623565246413, 4.633623565246413, 4.633623565246413, 4.633623565246413, 4.633623565246413],[2.372299751900199, 3.538867132874075, 4.585565942188085, 4.880213136153788, 4.880213136153788, 4.880213136153788, 4.880213136153788, 4.880213136153788, 4.880213136153788, 4.880213136153788, 4.880213136153788],[3.3218842378690545, 3.3218842378690545, 3.3218842378690545, 3.3218842378690545, 3.3218842378690545, 3.3218842378690545, 3.3218842378690545, 3.3218842378690545, 3.3218842378690545, 3.3218842378690545, 3.3218842378690545],[4.148248498729867, 4.148248498729868, 4.148248498729868, 4.148248498729868, 4.148248498729868, 4.148248498729868, 4.148248498729868, 4.148248498729868, 4.148248498729868, 4.148248498729868, 4.148248498729868],[3.9722656840344643, 4.544372229944762, 4.635192404489984, 4.637594719249462, 4.63771401975275, 4.6377140432823865, 4.637714043282387, 4.637714043282387, 4.6377140432823865, 4.6377140432823865, 4.6377140432823865]
]

L = 8

[
[0.49999999999999994, 0.49999999999999994, 0.49999999999999994, 0.9999999999999999, 0.9999999999999999, 0.9999999999999999, 0.9999999999999999, 0.9999999999999999, 0.9999999999999999, 0.9999999999999999, 0.9999999999999999],[0.5, 1.0, 1.0, 1.5, 2.0, 2.0, 2.0, 2.0, 2.0, 2.0, 2.0],[0.5, 1.0, 1.0, 1.375, 1.75, 1.75, 2.125, 2.5, 2.5, 2.5, 2.5],[0.8023148814000081, 1.177314881400008, 1.552314881400008, 2.052314881400008, 2.302314881400008, 2.552314881400008, 2.802314881400008, 3.302314881400008, 3.4309534860365503, 3.4309534860365503, 3.4309534860365503],[0.5000000000000001, 0.7500000000000001, 1.0, 1.5, 1.75, 2.0, 2.25, 2.65625, 2.8125, 2.96875, 4.375],[0.75, 1.5, 1.8125, 2.28125, 2.59375, 3.0625, 3.375, 3.84375, 4.25, 4.4375, 4.71875],[0.8200069141918054, 1.467545966185189, 1.8065331499786534, 2.2752831499786534, 2.5607292285817014, 2.941474052749745, 3.195303935528441, 3.5121069110320944, 3.793356911032094, 3.980856911032094, 5.088196414412825],[0.9295307146034342, 1.5692412201523822, 2.1022128317520954, 2.5709628317520954, 3.0071064499396725, 3.3856031446258545, 3.7551268920617913, 4.068488800659891, 4.396613800659891, 4.670051300659891, 6.220021994352486],[0.8701158429432733, 1.4812578274131996, 2.0319770059848605, 2.5339361480746576, 2.9757713445076655, 3.3608932495522676, 3.736774353025638, 4.109447282442767, 4.508061633154001, 4.793109741776012, 6.157152262624983],[1.3179754189358346, 2.2342895896825157, 3.003415982304229, 3.672366238351167, 4.328637831094338, 4.853511483439137, 5.294083864896123, 5.659514380888511, 5.982280679331133, 6.222813880128331, 6.597245072666296],[1.0956250765168278, 1.973137362277357, 2.7336618173246787, 3.409212895893141, 4.053628548812786, 4.573415753726857, 5.023358569284983, 5.420119247110491, 5.775760880053485, 6.04796122161215, 6.880426397787605],[1.696304437521387, 3.0862069219474315, 4.336024827727591, 5.187773051989525, 5.884571187337711, 6.409013376829392, 6.812505334556181, 7.019787179630912, 7.043182434276056, 7.043182434276057, 7.043182434276055],[2.2573794091555826, 3.985680994660732, 5.327413565842026, 6.191795618845762, 6.250013209225046, 6.250013209225046, 6.250013209225046, 6.250013209225047, 6.250013209225046, 6.250013209225046, 6.250013209225046],[3.583132174466068, 5.48595147006124, 6.421364977967086, 6.770932210830961, 6.781083126335387, 6.781083126335387, 6.781083126335387, 6.781083126335388, 6.781083126335387, 6.781083126335387, 6.781083126335386],[3.2292791558793406, 5.2802119582948635, 6.444030569691, 6.9137595428918015, 6.92982436454521, 6.929824364545211, 6.929824364545212, 6.92982436454521, 6.92982436454521, 6.92982436454521, 6.929824364545211],[5.196041359840938, 6.963705697073001, 6.988172162131478, 6.988172162131478, 6.9881721621314785, 6.988172162131478, 6.9881721621314785, 6.988172162131478, 6.9881721621314785, 6.9881721621314785, 6.988172162131478],[5.131949198068359, 6.821309215754319, 7.085437456582104, 7.126319203592972, 7.1360020013489915, 7.137052449894617, 7.13720949125837, 7.137218305006735, 7.137219037842846, 7.137219053567697, 7.137219054090884]
]

L = 9

[
[0.49999999999999994, 0.9999999999999999, 0.9999999999999999, 0.9999999999999999, 0.9999999999999999, 0.9999999999999999, 0.9999999999999999, 0.9999999999999999, 0.9999999999999999, 0.9999999999999999, 0.9999999999999999],[0.49999999999999994, 1.0, 1.0, 1.5, 1.5, 1.5, 1.5, 1.5, 1.5, 1.5, 1.5],[1.0, 1.375, 1.75, 2.5, 2.5, 2.5, 2.5, 2.5, 2.5, 2.5, 2.5],[0.8023148814000081, 1.177314881400008, 1.552314881400008, 2.052314881400008, 2.302314881400008, 2.552314881400008, 2.802314881400008, 3.302314881400008, 3.4309534860365503, 3.4309534860365503, 3.4309534860365503],[1.1773148814000083, 2.0676344125147916, 2.567634412514791, 3.130134412514791, 3.442634412514791, 3.571273017151334, 3.571273017151334, 3.571273017151334, 3.571273017151334, 3.571273017151334, 3.571273017151334],[1.1684487351738495, 2.128928031846024, 2.666277399432949, 3.185732282211645, 3.435732282211645, 3.529482282211645, 3.529482282211645, 3.529482282211645, 3.529482282211645, 3.529482282211645, 3.529482282211645],[1.3881607017804174, 2.289421786403508, 2.9239964933502476, 3.5585712002969876, 4.027321200296987, 4.417946200296987, 4.691383700296987, 4.964821200296987, 5.038682160668731, 5.038682160668731, 5.038682160668731],[1.9558627315356363, 3.0991652373335703, 3.741812886405255, 3.8204197358506193, 3.82041973585062, 3.82041973585062, 3.82041973585062, 3.82041973585062, 3.82041973585062, 3.82041973585062, 3.82041973585062],[2.019454636209262, 3.340236356905827, 4.453076028669161, 5.10861141193161, 5.260117826619625, 5.260117826619625, 5.260117826619625, 5.260117826619625, 5.260117826619625, 5.260117826619625, 5.260117826619625],[2.219309833669159, 3.742664710718885, 4.657154760952272, 5.002335639858131, 5.002335639858131, 5.002335639858131, 5.002335639858131, 5.002335639858131, 5.002335639858131, 5.002335639858131, 5.002335639858131],[4.060770007287767, 4.5352298068501105, 4.5352298068501105, 4.5352298068501105, 4.5352298068501105, 4.5352298068501105, 4.5352298068501105, 4.5352298068501105, 4.5352298068501105, 4.5352298068501105, 4.5352298068501105],[3.669573392681416, 5.073479549724758, 5.073479549724758, 5.073479549724758, 5.073479549724758, 5.073479549724758, 5.073479549724758, 5.073479549724758, 5.073479549724758, 5.073479549724758, 5.073479549724758],[5.0127185613125045, 5.418679731802979, 5.418679731802979, 5.418679731802979, 5.418679731802979, 5.418679731802979, 5.418679731802979, 5.418679731802979, 5.418679731802979, 5.418679731802979, 5.418679731802979],[5.228655169265443, 5.228655169265443, 5.228655169265443, 5.228655169265443, 5.228655169265443, 5.228655169265443, 5.228655169265443, 5.228655169265443, 5.228655169265443, 5.228655169265443, 5.228655169265443],[5.325756082421002, 5.325756082421002, 5.325756082421002, 5.325756082421002, 5.325756082421002, 5.325756082421002, 5.325756082421002, 5.325756082421002, 5.325756082421002, 5.325756082421002, 5.325756082421002],[5.064134002120425, 5.064134002120425, 5.064134002120425, 5.064134002120425, 5.064134002120425, 5.064134002120425, 5.064134002120425, 5.064134002120425, 5.064134002120425, 5.064134002120425, 5.064134002120425],[5.768698456918424, 5.768698456918424, 5.768698456918424, 5.768698456918424, 5.768698456918424, 5.768698456918424, 5.768698456918424, 5.768698456918424, 5.768698456918424, 5.768698456918424, 5.768698456918424],[6.043866402471805, 6.043866402471805, 6.043866402471805, 6.043866402471805, 6.043866402471805, 6.043866402471805, 6.043866402471806, 6.043866402471805, 6.043866402471805, 6.043866402471805, 6.043866402471805],[5.355598477091481, 5.355841942841656, 5.355841944731964, 5.355841944731964, 5.355841944731963, 5.355841944731964, 5.355841944731963, 5.355841944731964, 5.355841944731963, 5.355841944731963, 5.355841944731964]
]

