
L = 4

[
[-6.406853007629837e-16, -6.406853007629837e-16, -6.406853007629837e-16, -6.406853007629837e-16, -6.406853007629837e-16, -6.406853007629837e-16, -6.406853007629837e-16, -6.406853007629837e-16, -6.406853007629837e-16, -6.406853007629837e-16, -6.406853007629837e-16],[0.5, 0.5, 0.5, 0.5, 0.5, 0.5, 1.0, 1.0, 1.0, 1.0, 2.0],[0.49999999999999994, 0.49999999999999994, 0.49999999999999994, 0.49999999999999994, 0.49999999999999994, 0.49999999999999994, 1.0, 1.0, 1.0, 1.0, 1.5],[0.5, 0.5, 0.5, 1.0, 1.0, 1.0, 1.5, 1.5, 1.5, 2.0, 2.0],[0.5, 0.5, 0.5, 1.0, 1.0, 1.0, 1.5, 1.5, 1.5, 2.0, 2.0],[0.5, 1.0, 1.0, 1.5, 2.0, 2.0, 2.0, 2.0, 2.0, 2.0, 2.0],[0.49999999999999983, 0.9999999999999998, 0.9999999999999998, 1.4999999999999998, 1.4999999999999998, 1.4999999999999998, 1.4999999999999998, 1.4999999999999998, 1.4999999999999998, 1.4999999999999998, 1.4999999999999998],[1.0, 1.5, 2.0, 2.0, 2.0, 2.0, 2.0, 2.0, 2.0, 2.0, 2.0],[1.0242724216239032, 1.5242724216239032, 1.8004380183464281, 1.8004380183464281, 1.8004380183464281, 1.8004380183464281, 1.8004380183464281, 1.8004380183464281, 1.8004380183464281, 1.8004380183464281, 1.8004380183464281]
]

L = 5

[
[-6.406853007629837e-16, -6.406853007629837e-16, -6.406853007629837e-16, -6.406853007629837e-16, -6.406853007629837e-16, -6.406853007629837e-16, -6.406853007629837e-16, -6.406853007629837e-16, -6.406853007629837e-16, -6.406853007629837e-16, -6.406853007629837e-16],[0.49999999999999994, 0.49999999999999994, 0.49999999999999994, 0.49999999999999994, 0.49999999999999994, 0.49999999999999994, 1.0, 1.0, 1.0, 1.0, 1.0],[0.49999999999999994, 0.49999999999999994, 0.49999999999999994, 1.0, 1.0, 1.0, 1.0, 1.0, 1.0, 1.0, 1.0],[-0.0, -0.0, -0.0, -0.0, -0.0, -0.0, -0.0, -0.0, -0.0, -0.0, -0.0],[-6.406853007629837e-16, -6.406853007629837e-16, -6.406853007629837e-16, -6.406853007629837e-16, -6.406853007629837e-16, -6.406853007629837e-16, -6.406853007629837e-16, -6.406853007629837e-16, -6.406853007629837e-16, -6.406853007629837e-16, -6.406853007629837e-16],[0.49999999999999994, 1.0, 1.0, 1.0, 1.0, 1.0, 1.0, 1.0, 1.0, 1.0, 1.0],[0.9999999999999998, 0.9999999999999998, 0.9999999999999998, 0.9999999999999998, 0.9999999999999998, 0.9999999999999998, 0.9999999999999998, 0.9999999999999998, 0.9999999999999998, 0.9999999999999998, 0.9999999999999998],[1.0, 1.0, 1.0, 1.0, 1.0, 1.0, 1.0, 1.0, 1.0, 1.0, 1.0],[0.9999999999999998, 0.9999999999999998, 0.9999999999999998, 0.9999999999999998, 0.9999999999999998, 0.9999999999999998, 0.9999999999999998, 0.9999999999999998, 0.9999999999999998, 0.9999999999999998, 0.9999999999999998],[3.203426503814918e-16, 3.203426503814918e-16, 3.203426503814918e-16, 3.203426503814918e-16, 3.203426503814918e-16, 3.203426503814918e-16, 3.203426503814918e-16, 3.203426503814918e-16, 3.203426503814918e-16, 3.203426503814918e-16, 3.203426503814918e-16],[-0.0, -0.0, -0.0, -0.0, -0.0, -0.0, -0.0, -0.0, -0.0, -0.0, -0.0]
]

L = 6

[
[-6.406853007629837e-16, -6.406853007629837e-16, -6.406853007629837e-16, -6.406853007629837e-16, -6.406853007629837e-16, -6.406853007629837e-16, -6.406853007629837e-16, -6.406853007629837e-16, -6.406853007629837e-16, -6.406853007629837e-16, -6.406853007629837e-16],[0.5, 0.5, 0.5, 1.0, 1.0, 1.0, 1.5, 1.5, 1.5, 2.0, 2.0],[0.5, 0.5, 0.5, 1.0, 1.0, 1.0, 1.375, 1.375, 1.375, 1.75, 2.5],[0.5, 0.9755245584602701, 0.9755245584602701, 1.35052455846027, 1.72552455846027, 1.72552455846027, 1.97552455846027, 2.22552455846027, 2.22552455846027, 2.47552455846027, 2.900219009173214],[0.5, 0.9528195311147833, 0.9528195311147833, 1.4056390622295667, 1.8584585933443498, 1.8584585933443498, 2.311278124459133, 2.311278124459133, 2.311278124459133, 2.311278124459133, 2.311278124459133],[0.662658984934572, 0.9434187357798511, 1.2150075304852401, 1.6905828439244668, 1.9025977050520986, 2.1095525878307946, 2.3165074706094906, 2.7235377776888443, 2.9077531358654807, 3.0640031358654807, 4.374771266719648],[0.7500000000000001, 1.0701597655573916, 1.3903195311147831, 2.0306390622295662, 2.350798827786958, 2.6709585933443494, 2.991118358901741, 3.3112781244591325, 3.3112781244591325, 3.3112781244591325, 3.3112781244591325],[1.0185508763572906, 1.8797384475187378, 2.4183427441909124, 3.1015546580843916, 3.3855274357843665, 3.7662722599524097, 3.8931872013417577, 3.8931872013417577, 3.8931872013417577, 3.8931872013417577, 3.8931872013417577],[0.8425857241134017, 1.5128802087823043, 1.9088220722673401, 2.456603357848063, 2.79621800618415, 3.2920826545202386, 3.5746525290176985, 3.9309641988804165, 4.238409560132481, 4.443373134300525, 4.650872331217881],[1.5453799684516571, 2.6585587798678105, 3.611148174715356, 4.274634399525076, 4.274634399525076, 4.274634399525076, 4.274634399525076, 4.274634399525076, 4.274634399525076, 4.274634399525076, 4.274634399525076],[1.3255052402718617, 2.2633945255599826, 3.1016066284033004, 3.6971936448615255, 4.241308179686653, 4.717062602164661, 4.924283713300196, 4.924283713300196, 4.924283713300196, 4.924283713300196, 4.924283713300196],[2.747541760658165, 4.171570861875449, 4.171570861875449, 4.171570861875449, 4.171570861875449, 4.171570861875449, 4.171570861875449, 4.171570861875449, 4.171570861875449, 4.171570861875449, 4.171570861875449],[2.204505299879905, 3.292869061583959, 4.24670339874636, 4.79817504088288, 5.055358164017434, 5.187889430764627, 5.266945019755924, 5.329633463184212, 5.365745502933893, 5.386775903274054, 5.4023320420765915]
]

L = 7

[
[-6.406853007629837e-16, -6.406853007629837e-16, -6.406853007629837e-16, -6.406853007629837e-16, -6.406853007629837e-16, -6.406853007629837e-16, -6.406853007629837e-16, -6.406853007629837e-16, -6.406853007629837e-16, -6.406853007629837e-16, -6.406853007629837e-16],[0.5, 0.5, 0.5, 1.0, 1.0, 1.0, 1.5, 1.5, 1.5, 2.0, 2.0],[0.5, 0.875, 0.875, 1.25, 1.625, 1.625, 2.0, 2.375, 2.375, 2.75, 2.75],[0.4528195311147832, 0.9056390622295664, 0.9056390622295664, 1.2806390622295662, 1.6556390622295662, 1.6556390622295662, 1.9056390622295662, 2.1556390622295662, 2.1556390622295662, 2.4056390622295662, 3.1556390622295662],[0.75, 1.125, 1.375, 1.875, 2.125, 2.375, 2.625, 3.03125, 3.1875, 3.34375, 3.8125],[0.850798827786958, 1.1709585933443498, 1.4911183589017414, 2.0986274920460577, 2.3486274920460577, 2.5555823748247533, 2.762537257603449, 3.1257421403821444, 3.2819921403821444, 3.3757421403821444, 3.5632421403821444],[0.9421849568830928, 1.7648872514227822, 2.2218421342014785, 2.8427067825375665, 3.2566165480949585, 3.7265437587782455, 3.9803736415569415, 4.136344689304819, 4.136344689304819, 4.136344689304819, 4.136344689304819],[0.8706978429622892, 1.6359523218379357, 2.1090563829948277, 2.697103058490713, 3.0161415678294774, 3.4073446927159616, 3.6611745754946576, 4.032774658082162, 4.27687709947151, 4.389858045700685, 4.501986312325645],[1.476205683740612, 2.3393699672139054, 3.032614791381949, 3.6438230843086026, 4.14750023264469, 4.590744331513455, 4.891449214292152, 4.891449214292152, 4.891449214292152, 4.891449214292152, 4.891449214292152],[1.6811145488497319, 2.813731554736919, 3.683933937258832, 4.191554216005292, 4.191554216005292, 4.191554216005292, 4.191554216005292, 4.191554216005292, 4.191554216005292, 4.191554216005292, 4.191554216005292],[3.321663222627021, 3.321663222627021, 3.321663222627021, 3.321663222627021, 3.321663222627021, 3.321663222627021, 3.321663222627021, 3.321663222627021, 3.321663222627021, 3.321663222627021, 3.321663222627021],[2.7971251893984306, 4.227718442311915, 4.227718442311915, 4.227718442311915, 4.227718442311915, 4.227718442311915, 4.227718442311915, 4.227718442311915, 4.227718442311915, 4.227718442311915, 4.227718442311915],[3.564086548671971, 4.861222709542198, 4.861222709542198, 4.861222709542198, 4.861222709542198, 4.861222709542198, 4.861222709542198, 4.861222709542198, 4.861222709542198, 4.861222709542198, 4.861222709542198],[3.9630192298555307, 4.562987913412057, 4.562987913412057, 4.562987913412057, 4.562987913412057, 4.562987913412057, 4.562987913412057, 4.562987913412057, 4.562987913412057, 4.562987913412057, 4.562987913412057],[3.813095268861121, 4.702180145571381, 4.856352291343509, 4.87588579010861, 4.880348469983761, 4.880693536396895, 4.880770876476836, 4.880774037936391, 4.8807740447380255, 4.880774044767791, 4.88077404476779]
]

L = 8

[
[0.49999999999999994, 0.49999999999999994, 0.49999999999999994, 0.9999999999999999, 0.9999999999999999, 0.9999999999999999, 0.9999999999999999, 0.9999999999999999, 0.9999999999999999, 0.9999999999999999, 0.9999999999999999],[0.5, 1.0, 1.0, 1.5, 2.0, 2.0, 2.0, 2.0, 2.0, 2.0, 2.0],[0.5242724216239032, 0.8992724216239032, 0.8992724216239032, 1.2742724216239032, 1.6492724216239032, 1.6492724216239032, 2.024272421623903, 2.300438018346428, 2.300438018346428, 2.300438018346428, 2.300438018346428],[0.75, 1.0, 1.25, 1.75, 2.0, 2.25, 2.5, 3.0, 3.25, 3.5, 3.75],[0.5, 0.75, 1.0, 1.5, 1.75, 2.0, 2.25, 2.75, 3.0, 3.15625, 4.25],[0.6803538063105545, 1.2829058543663823, 1.6601904193632548, 2.1613327018616912, 2.4738327018616912, 2.9058139822034543, 3.0933139822034543, 3.3745639822034543, 3.6558139822034543, 3.8433139822034543, 5.177773185337248],[0.5862309836500832, 1.0897945019675461, 1.4022945019675461, 1.8123743847462421, 2.0616210579028498, 2.4059446532618294, 2.6354937168344827, 2.931499584548394, 3.2127495845483947, 3.4002495845483947, 5.689506534006464],[1.256048393001695, 2.0310352553469806, 2.6778504728652943, 3.209607361071371, 3.678357361071371, 4.079512526968461, 4.372402266589889, 4.645839766589889, 4.973964766589889, 5.196432097314865, 5.540515256799471],[0.9238968099263263, 1.569417516301275, 2.136253589737275, 2.6324491554336724, 3.101199155433673, 3.4998752712389627, 3.8757563747123323, 4.240950955481595, 4.643999021716808, 4.9254832836382345, 6.100343782182048],[1.1046949264114243, 1.9302520390736448, 2.6480654639379964, 3.3000897302986187, 3.903606949367491, 4.424745772085161, 4.909431399395947, 5.343906252869317, 5.778674288115404, 6.0673583824816415, 6.90757554767947],[1.0476587661337258, 1.8318348133500817, 2.5587014554876393, 3.2185074803447575, 3.8692559748894424, 4.379210814390736, 4.853493280981671, 5.270785808626754, 5.684345844896685, 6.009273314526108, 6.9729067600541415],[1.9911721642477935, 3.408691851844212, 4.5325887665102815, 5.3693588925258116, 6.020820474228094, 6.4273038430977065, 6.7056077874002735, 6.879331355665503, 6.898356770206183, 6.898356770206183, 6.898356770206183],[1.762762966272439, 3.1823680380353054, 4.4572162012076895, 5.296988425445837, 5.955057475456389, 6.463688844679106, 6.770997129213857, 6.960103369341979, 6.987978899396771, 6.987978899396771, 6.987978899396771],[3.249813872601353, 5.322830935217715, 6.479700388992484, 6.939376463351282, 6.951306269456247, 6.951306269456247, 6.951306269456248, 6.951306269456247, 6.951306269456248, 6.951306269456247, 6.951306269456248],[3.102977590628253, 5.203750076023003, 6.519225895332372, 6.990422492753936, 7.002643634349154, 7.0026436343491545, 7.0026436343491545, 7.0026436343491545, 7.002643634349154, 7.002643634349154, 7.002643634349155],[5.258181424735635, 6.971179086359446, 6.998663552767207, 6.998663552767208, 6.998663552767207, 6.998663552767207, 6.998663552767207, 6.998663552767208, 6.9986635527672085, 6.998663552767207, 6.998663552767207],[5.033120083557809, 6.798155016863431, 7.170367123233813, 7.253642199449139, 7.278421454668083, 7.281807965400582, 7.282136710511939, 7.28215832923195, 7.282159301850613, 7.282159307960177, 7.282159307987866]
]

L = 9

[
[0.49999999999999994, 0.9999999999999999, 0.9999999999999999, 0.9999999999999999, 0.9999999999999999, 0.9999999999999999, 0.9999999999999999, 0.9999999999999999, 0.9999999999999999, 0.9999999999999999, 0.9999999999999999],[0.49999999999999994, 0.9999999999999999, 0.9999999999999999, 0.9999999999999999, 0.9999999999999999, 0.9999999999999999, 0.9999999999999999, 0.9999999999999999, 0.9999999999999999, 0.9999999999999999, 0.9999999999999999],[0.875, 1.25, 1.625, 2.375, 2.75, 2.75, 2.75, 2.75, 2.75, 2.75, 2.75],[0.8599961082313345, 1.2349961082313345, 1.5401754781921246, 2.0401754781921246, 2.2901754781921246, 2.5401754781921246, 2.7901754781921246, 3.2901754781921246, 3.2901754781921246, 3.2901754781921246, 3.2901754781921246],[1.0153195311147831, 1.8107905339632215, 2.3107905339632215, 2.9670405339632215, 3.2795405339632215, 3.7482905339632215, 3.9807962741330583, 3.9807962741330583, 3.9807962741330583, 3.9807962741330583, 3.9807962741330583],[0.9604792966721748, 1.7806390622295662, 2.2806390622295662, 2.9015037105656543, 3.3154134761230454, 3.9362781244591325, 3.9362781244591325, 3.9362781244591325, 3.9362781244591325, 3.9362781244591325, 3.9362781244591325],[1.5703340452936334, 2.6051084591871128, 3.4432560235064273, 4.077830730453167, 4.4636010262063515, 4.4636010262063515, 4.4636010262063515, 4.4636010262063515, 4.4636010262063515, 4.4636010262063515, 4.4636010262063515],[1.1410028606861722, 1.922252860686172, 2.604669869994458, 3.239244576941198, 3.816294999009606, 4.285044999009606, 4.7316206174420845, 5.1075017209154545, 5.32808090009756, 5.328080900097561, 5.328080900097561],[1.9436784330991408, 3.314768604307833, 4.350126560446056, 5.040002482315582, 5.356168864667478, 5.356168864667479, 5.356168864667479, 5.356168864667479, 5.356168864667479, 5.356168864667479, 5.356168864667479],[3.32166322262702, 3.32166322262702, 3.32166322262702, 3.32166322262702, 3.32166322262702, 3.32166322262702, 3.32166322262702, 3.32166322262702, 3.32166322262702, 3.32166322262702, 3.32166322262702],[3.1546363854541237, 5.100280920381843, 5.433252459383546, 5.433252459383546, 5.433252459383546, 5.433252459383546, 5.433252459383546, 5.433252459383546, 5.433252459383546, 5.433252459383546, 5.433252459383546],[3.2428527952140933, 5.1530317940699994, 5.319901188942144, 5.319901188942144, 5.319901188942144, 5.319901188942144, 5.319901188942144, 5.319901188942144, 5.319901188942144, 5.319901188942144, 5.319901188942144],[4.909701895172279, 4.909701895172279, 4.909701895172279, 4.909701895172279, 4.909701895172279, 4.909701895172279, 4.909701895172279, 4.909701895172279, 4.909701895172279, 4.909701895172279, 4.909701895172279],[4.007843770532083, 6.0500674403917305, 6.0500674403917305, 6.0500674403917305, 6.0500674403917305, 6.0500674403917305, 6.0500674403917305, 6.0500674403917305, 6.0500674403917305, 6.0500674403917305, 6.0500674403917305],[4.6496712458441, 4.6496712458441, 4.6496712458441, 4.6496712458441, 4.6496712458441, 4.6496712458441, 4.6496712458441, 4.6496712458441, 4.6496712458441, 4.6496712458441, 4.6496712458441],[5.50975258263594, 5.50975258263594, 5.50975258263594, 5.50975258263594, 5.50975258263594, 5.50975258263594, 5.50975258263594, 5.50975258263594, 5.50975258263594, 5.50975258263594, 5.50975258263594],[5.058416973062272, 5.058416973062272, 5.058416973062272, 5.058416973062272, 5.058416973062272, 5.058416973062272, 5.058416973062272, 5.058416973062272, 5.058416973062272, 5.058416973062272, 5.058416973062272],[5.407133931273985, 5.407133931273985, 5.407133931273985, 5.407133931273985, 5.407133931273985, 5.407133931273985, 5.407133931273985, 5.407133931273985, 5.407133931273985, 5.407133931273985, 5.407133931273985],[5.91235896998989, 5.914343770615864, 5.914343770615893, 5.914343770615893, 5.914343770615893, 5.914343770615893, 5.914343770615893, 5.9143437706158934, 5.9143437706158934, 5.914343770615893, 5.9143437706158934]
]

L = 4

[
[0.49999999999999994, 0.49999999999999994, 0.49999999999999994, 0.49999999999999994, 0.49999999999999994, 0.49999999999999994, 0.49999999999999994, 0.49999999999999994, 0.49999999999999994, 0.49999999999999994, 0.9999999999999999],[0.5, 0.5, 0.5, 0.5, 0.5, 0.5, 1.0, 1.0, 1.0, 1.0, 2.0],[0.5, 0.5, 0.5, 0.5, 0.5, 0.5, 1.0, 1.0, 1.0, 1.0, 2.0],[0.5, 0.5, 0.5, 1.0, 1.0, 1.0, 1.5, 1.5, 1.5, 1.5, 1.5],[0.5, 0.5, 0.5, 1.0, 1.0, 1.0, 1.5, 1.5, 1.5, 2.0, 2.0],[0.49999999999999994, 1.0, 1.0, 1.5, 1.5, 1.5, 1.5, 1.5, 1.5, 1.5, 1.5],[0.4999999999999999, 0.9999999999999999, 0.9999999999999999, 1.5, 1.5, 1.5, 1.5, 1.5, 1.5, 1.5, 1.5],[1.0, 1.5, 1.5, 1.5, 1.5, 1.5, 1.5, 1.5, 1.5, 1.5, 1.5],[1.0, 1.5, 1.5, 1.5, 1.5, 1.5, 1.5, 1.5, 1.5, 1.5, 1.5]
]

L = 5

[
[0.49999999999999994, 0.49999999999999994, 0.49999999999999994, 0.49999999999999994, 0.49999999999999994, 0.49999999999999994, 0.9999999999999999, 0.9999999999999999, 0.9999999999999999, 0.9999999999999999, 0.9999999999999999],[0.49999999999999994, 0.49999999999999994, 0.49999999999999994, 0.49999999999999994, 0.49999999999999994, 0.49999999999999994, 1.0, 1.0, 1.0, 1.0, 1.0],[0.49999999999999994, 0.49999999999999994, 0.49999999999999994, 0.9999999999999999, 0.9999999999999999, 0.9999999999999999, 0.9999999999999999, 0.9999999999999999, 0.9999999999999999, 0.9999999999999999, 0.9999999999999999],[0.5, 0.5, 0.5, 1.0, 1.0, 1.0, 1.0, 1.0, 1.0, 1.0, 1.0],[-6.406853007629837e-16, -6.406853007629837e-16, -6.406853007629837e-16, -6.406853007629837e-16, -6.406853007629837e-16, -6.406853007629837e-16, -6.406853007629837e-16, -6.406853007629837e-16, -6.406853007629837e-16, -6.406853007629837e-16, -6.406853007629837e-16],[-0.0, -0.0, -0.0, -0.0, -0.0, -0.0, -0.0, -0.0, -0.0, -0.0, -0.0],[1.0, 1.0, 1.0, 1.0, 1.0, 1.0, 1.0, 1.0, 1.0, 1.0, 1.0],[3.203426503814918e-16, 3.203426503814918e-16, 3.203426503814918e-16, 3.203426503814918e-16, 3.203426503814918e-16, 3.203426503814918e-16, 3.203426503814918e-16, 3.203426503814918e-16, 3.203426503814918e-16, 3.203426503814918e-16, 3.203426503814918e-16],[1.0, 1.0, 1.0, 1.0, 1.0, 1.0, 1.0, 1.0, 1.0, 1.0, 1.0],[0.9999999999999997, 0.9999999999999997, 0.9999999999999997, 0.9999999999999997, 0.9999999999999997, 0.9999999999999997, 0.9999999999999997, 0.9999999999999997, 0.9999999999999997, 0.9999999999999997, 0.9999999999999997],[1.0, 1.0, 1.0, 1.0, 1.0, 1.0, 1.0, 1.0, 1.0, 1.0, 1.0]
]

L = 6

[
[-6.406853007629837e-16, -6.406853007629837e-16, -6.406853007629837e-16, -6.406853007629837e-16, -6.406853007629837e-16, -6.406853007629837e-16, -6.406853007629837e-16, -6.406853007629837e-16, -6.406853007629837e-16, -6.406853007629837e-16, -6.406853007629837e-16],[0.5, 0.5, 0.5, 1.0, 1.0, 1.0, 1.5, 1.5, 1.5, 2.0, 2.0],[0.375, 0.375, 0.375, 0.75, 0.75, 0.75, 1.125, 1.125, 1.125, 1.5, 3.0],[0.4528195311147832, 0.8278195311147831, 0.8278195311147831, 1.2028195311147831, 1.5778195311147831, 1.5778195311147831, 1.9528195311147831, 2.327819531114783, 2.327819531114783, 2.577819531114783, 3.077819531114783],[0.4528195311147833, 0.9056390622295665, 0.9056390622295665, 1.3086666079311562, 1.628826373488548, 1.628826373488548, 1.9489861390459395, 2.227962532197919, 2.227962532197919, 2.477962532197919, 3.1342125321979193],[0.6951597655573916, 1.0153195311147831, 1.3354792966721747, 1.8354792966721747, 2.0424341794508707, 2.2493890622295667, 2.4563439450082627, 2.8702537105656547, 3.0772085933443507, 3.2841634761230467, 3.905028124459134],[0.6075091331443165, 0.8948585007312415, 1.1822078683181663, 1.6822078683181663, 1.9322078683181663, 2.182207868318166, 2.389162751096862, 2.8030725166542534, 2.985809700447716, 3.1685468842411786, 4.200778892202685],[0.8587640622295662, 1.5884253205566932, 2.035210832498952, 2.65607548083504, 3.069985246392432, 3.616554777507215, 3.956169425843302, 4.252891691400694, 4.252891691400693, 4.252891691400693, 4.252891691400693],[0.8857745358481872, 1.667387659461808, 2.1586910471172134, 2.8124314418381684, 3.1904054032508484, 3.6828774342391934, 3.9502621371213418, 4.204385422990782, 4.204385422990782, 4.204385422990782, 4.204385422990782],[1.6615565854922767, 2.8128326852646084, 3.6594116463247364, 4.210539098442063, 4.210539098442063, 4.210539098442063, 4.210539098442063, 4.210539098442063, 4.210539098442063, 4.210539098442063, 4.210539098442063],[1.7308065023520056, 2.721261583173917, 3.6190609653241723, 4.185251374720545, 4.185251374720545, 4.185251374720545, 4.185251374720545, 4.185251374720545, 4.185251374720545, 4.185251374720545, 4.185251374720545],[2.788532973952779, 4.228089038757333, 4.228089038757334, 4.228089038757334, 4.228089038757334, 4.228089038757334, 4.228089038757334, 4.228089038757334, 4.228089038757334, 4.228089038757334, 4.228089038757334],[2.384940544163732, 3.681652208960214, 4.4173851939919295, 4.751410321184407, 4.923601859084968, 4.998312743096072, 5.03853167559185, 5.052602942087529, 5.057998521197916, 5.060003173761726, 5.06050023146294]
]

L = 7

[
[-6.406853007629837e-16, -6.406853007629837e-16, -6.406853007629837e-16, -6.406853007629837e-16, -6.406853007629837e-16, -6.406853007629837e-16, -6.406853007629837e-16, -6.406853007629837e-16, -6.406853007629837e-16, -6.406853007629837e-16, -6.406853007629837e-16],[0.5, 0.5, 0.5, 1.0, 1.0, 1.0, 1.5, 1.5, 1.5, 2.0, 2.0],[0.375, 0.75, 0.75, 1.125, 1.5, 1.5, 1.875, 2.25, 2.25, 2.625, 3.0],[0.375, 0.75, 0.75, 1.125, 1.5, 1.5, 1.875, 2.25, 2.25, 2.5, 3.25],[0.6403195311147831, 0.9604792966721747, 1.2104792966721747, 1.7104792966721747, 1.9604792966721747, 2.2104792966721747, 2.4604792966721747, 2.9604792966721747, 3.2104792966721747, 3.4604792966721747, 3.9292292966721747],[0.8507988277869583, 1.2487781244591332, 1.6467574211313079, 2.287076952246091, 2.537076952246091, 2.7440318350247868, 2.9509867178034828, 3.1579416005821783, 3.1579416005821783, 3.1579416005821783, 3.1579416005821783],[0.8948585007312414, 1.6448585007312415, 2.1448585007312415, 2.7657231490673295, 3.1796329146247215, 3.725574981196879, 3.979404863975575, 4.200069805364922, 4.200069805364922, 4.200069805364922, 4.200069805364922],[0.8878281342380394, 1.6957345792463017, 2.1543051346462514, 2.7751697829823394, 3.1890795485397314, 3.6800072090184015, 3.948908539257737, 4.2027384220364326, 4.2027384220364326, 4.2027384220364326, 4.2027384220364326],[1.8956236596876321, 2.9307511425401795, 3.716300715345382, 3.9791118059233077, 3.979111805923308, 3.979111805923308, 3.979111805923308, 3.979111805923308, 3.979111805923308, 3.979111805923308, 3.979111805923308],[1.7096640322126688, 2.8637065190271036, 3.740744136191624, 4.150937457777654, 4.150937457777653, 4.150937457777653, 4.150937457777653, 4.150937457777653, 4.150937457777653, 4.150937457777653, 4.150937457777653],[3.2907539299567703, 3.2907539299567703, 3.2907539299567703, 3.2907539299567703, 3.2907539299567703, 3.2907539299567703, 3.2907539299567703, 3.2907539299567703, 3.2907539299567703, 3.2907539299567703, 3.2907539299567703],[2.633507608021311, 4.2903415363320265, 4.290341536332026, 4.290341536332026, 4.290341536332026, 4.290341536332026, 4.290341536332026, 4.290341536332026, 4.290341536332026, 4.290341536332026, 4.290341536332026],[4.167468000080024, 4.167468000080024, 4.167468000080024, 4.167468000080024, 4.167468000080024, 4.167468000080024, 4.167468000080024, 4.167468000080024, 4.167468000080024, 4.167468000080024, 4.167468000080024],[4.214781010061729, 4.214781010061728, 4.214781010061728, 4.214781010061728, 4.214781010061728, 4.214781010061728, 4.214781010061728, 4.214781010061728, 4.214781010061728, 4.214781010061728, 4.214781010061728],[3.995068516992307, 4.590941725025311, 4.705583263697463, 4.7228806353664945, 4.72567813949245, 4.725890555285607, 4.7258940517783135, 4.725894069512748, 4.725894069758093, 4.7258940697581595, 4.72589406975816]
]

L = 8

[
[0.49999999999999994, 0.49999999999999994, 0.49999999999999994, 0.9999999999999999, 0.9999999999999999, 0.9999999999999999, 0.9999999999999999, 0.9999999999999999, 0.9999999999999999, 0.9999999999999999, 0.9999999999999999],[0.311278124459133, 0.8112781244591329, 0.8112781244591329, 0.8112781244591329, 0.8112781244591329, 0.8112781244591329, 0.8112781244591329, 0.8112781244591329, 0.8112781244591329, 0.8112781244591329, 0.8112781244591329],[0.5, 0.875, 0.875, 1.25, 1.625, 1.625, 2.0, 2.375, 2.375, 2.75, 2.75],[0.75, 1.125, 1.375, 1.875, 2.125, 2.375, 2.625, 3.125, 3.375, 3.625, 3.625],[0.5454710028484384, 0.7954710028484384, 1.0454710028484384, 1.5454710028484384, 1.7954710028484384, 1.9517210028484384, 2.1079710028484384, 2.4204710028484384, 2.5767210028484384, 2.7329710028484384, 4.527976743018275],[0.8348277289745517, 1.515606171713518, 1.8974487589294502, 2.3775806070420185, 2.6900806070420185, 3.158830607042019, 3.346330607042019, 3.627580607042019, 3.9088306070420193, 4.096330607042019, 4.86727243236982],[0.6205427446819884, 1.1249295095406235, 1.426601694680866, 1.853120879352105, 2.1194970209171062, 2.488101435482129, 2.7176504990547823, 3.0409495626274357, 3.3221995626274357, 3.5096995626274357, 5.6693490971890865],[0.9688403614996439, 1.6584033323881429, 2.258732777966313, 2.7682362797744715, 3.236986279774472, 3.656676505536661, 4.038666957383356, 4.373333113851754, 4.712689604752928, 4.986127104752928, 5.999201657302223],[0.7949113517230766, 1.378457473591218, 1.9329566830748741, 2.46827825304713, 2.942340090390373, 3.394778706848558, 3.784203976256086, 4.139535352220196, 4.530828627910391, 4.833733188250794, 6.17283066346714],[1.224520274152719, 2.152135929424036, 2.9562308548782754, 3.65942212095332, 4.303484908413556, 4.784700959756642, 5.193120268075933, 5.525013412206751, 5.855133909474886, 6.101277022359036, 6.72427491995362],[1.0675701013013659, 1.9015882959322903, 2.6248539526103203, 3.282534398605917, 3.922884034185117, 4.435711736409445, 4.9038708826929955, 5.339256372336877, 5.7577801418350285, 6.054163296677856, 6.946973479667903],[2.023413129700372, 3.5007960405308816, 4.617774666667388, 5.43584884978893, 6.047632307957795, 6.4432566944789, 6.71625508370784, 6.846035368516867, 6.851673818331732, 6.851673818331733, 6.851673818331732],[1.8539207383339382, 3.3318367721027284, 4.414731952917906, 5.222906430838081, 5.905702309136928, 6.367483451815765, 6.712110584374353, 6.960330944018915, 6.99138954704985, 6.991389547049851, 6.99138954704985],[3.4735816347201314, 5.43731162660643, 6.436768538787755, 6.831368876361873, 6.831368876361873, 6.831368876361873, 6.831368876361872, 6.831368876361872, 6.831368876361873, 6.831368876361873, 6.831368876361873],[3.486056799349257, 5.489246258542064, 6.482245330273214, 6.809603143732853, 6.809603143732853, 6.809603143732853, 6.809603143732853, 6.809603143732853, 6.809603143732852, 6.809603143732853, 6.809603143732853],[6.228698971464, 6.32153678015086, 6.32153678015086, 6.32153678015086, 6.32153678015086, 6.32153678015086, 6.3215367801508595, 6.32153678015086, 6.32153678015086, 6.32153678015086, 6.32153678015086],[5.727776758174532, 6.653818656018389, 6.798110611981816, 6.829841791001297, 6.836185586707137, 6.837279347143709, 6.837443164803245, 6.837460654096359, 6.837461890241292, 6.837461953403721, 6.8374619582337415]
]

L = 9

[
[-6.406853007629837e-16, -6.406853007629837e-16, -6.406853007629837e-16, -6.406853007629837e-16, -6.406853007629837e-16, -6.406853007629837e-16, -6.406853007629837e-16, -6.406853007629837e-16, -6.406853007629837e-16, -6.406853007629837e-16, -6.406853007629837e-16],[0.5, 1.0, 1.0, 1.5, 2.0, 2.0, 2.0, 2.0, 2.0, 2.0, 2.0],[0.75, 1.125, 1.5, 2.25, 2.625, 3.0, 3.0, 3.0, 3.0, 3.0, 3.0],[0.625, 0.875, 1.125, 1.625, 1.875, 2.125, 2.375, 2.875, 3.125, 3.375, 3.875],[1.095788829567894, 1.891259832416332, 2.391259832416332, 3.141259832416332, 3.453759832416332, 3.7710711924380984, 3.7710711924380984, 3.7710711924380984, 3.7710711924380984, 3.7710711924380984, 3.7710711924380984],[0.8201597655573916, 1.5271146483360873, 1.8396146483360876, 2.3083646483360876, 2.6208646483360876, 3.0896146483360876, 3.4021146483360876, 3.8708646483360876, 4.277114648336088, 4.464614648336088, 4.652114648336088],[1.7412295252961463, 2.7137750005036883, 3.348349707450428, 3.857576940853403, 4.261179913449437, 4.370554913449437, 4.370554913449437, 4.370554913449437, 4.370554913449437, 4.370554913449437, 4.370554913449437],[1.7019867990934818, 2.6826915659052815, 3.477498890073326, 4.071248890073326, 4.377676082915255, 4.377676082915255, 4.377676082915256, 4.377676082915256, 4.377676082915256, 4.377676082915256, 4.377676082915256],[2.284108471423783, 3.5813407819991663, 4.601686429937707, 4.930812485053508, 4.930812485053508, 4.930812485053508, 4.930812485053508, 4.930812485053508, 4.930812485053508, 4.930812485053508, 4.930812485053508],[1.8050604338864504, 2.8859131029753886, 3.7305442064487586, 4.438026270585917, 5.066301050795971, 5.516584665767993, 5.801525010557367, 5.841459560935324, 5.841459560935324, 5.841459560935324, 5.841459560935324],[3.0648245893915216, 4.939123780260411, 5.495677614420134, 5.495677614420134, 5.495677614420134, 5.495677614420134, 5.495677614420134, 5.495677614420134, 5.495677614420134, 5.495677614420134, 5.495677614420134],[3.129124636343524, 5.096590448963391, 5.428895494234156, 5.428895494234156, 5.428895494234156, 5.428895494234156, 5.428895494234156, 5.428895494234156, 5.428895494234156, 5.428895494234156, 5.428895494234156],[4.829267113648844, 5.536119976013619, 5.536119976013619, 5.536119976013619, 5.536119976013619, 5.536119976013619, 5.536119976013619, 5.536119976013619, 5.536119976013619, 5.536119976013619, 5.536119976013619],[5.0541863214242, 5.17504843797046, 5.17504843797046, 5.17504843797046, 5.17504843797046, 5.17504843797046, 5.17504843797046, 5.17504843797046, 5.17504843797046, 5.17504843797046, 5.17504843797046],[4.61915507966027, 4.61915507966027, 4.61915507966027, 4.61915507966027, 4.61915507966027, 4.61915507966027, 4.61915507966027, 4.61915507966027, 4.61915507966027, 4.61915507966027, 4.61915507966027],[5.561171912239093, 5.561171912239093, 5.561171912239093, 5.561171912239093, 5.561171912239093, 5.561171912239093, 5.561171912239093, 5.561171912239093, 5.561171912239093, 5.561171912239093, 5.561171912239093],[4.2879739031347235, 4.2879739031347235, 4.2879739031347235, 4.2879739031347235, 4.2879739031347235, 4.2879739031347235, 4.2879739031347235, 4.2879739031347235, 4.2879739031347235, 4.2879739031347235, 4.2879739031347235],[5.1862848222909514, 5.1862848222909514, 5.1862848222909514, 5.1862848222909514, 5.1862848222909514, 5.1862848222909514, 5.1862848222909514, 5.1862848222909514, 5.1862848222909514, 5.1862848222909514, 5.1862848222909514],[4.840916285737333, 4.84092222447387, 4.84092222447387, 4.84092222447387, 4.840922224473869, 4.84092222447387, 4.840922224473869, 4.84092222447387, 4.840922224473869, 4.840922224473869, 4.840922224473869]
]

