
L = 4

[
[0.49999999999999994, 0.49999999999999994, 0.49999999999999994, 0.49999999999999994, 0.49999999999999994, 0.49999999999999994, 0.49999999999999994, 0.49999999999999994, 0.49999999999999994, 0.49999999999999994, 0.9999999999999999],[0.5, 0.5, 0.5, 0.5, 0.5, 0.5, 1.0, 1.0, 1.0, 1.0, 2.0],[0.49999999999999994, 0.49999999999999994, 0.49999999999999994, 0.49999999999999994, 0.49999999999999994, 0.49999999999999994, 1.0, 1.0, 1.0, 1.0, 1.5],[0.49999999999999994, 0.49999999999999994, 0.49999999999999994, 1.0, 1.0, 1.0, 1.5, 1.5, 1.5, 1.5, 1.5],[0.49999999999999994, 0.49999999999999994, 0.49999999999999994, 1.0, 1.0, 1.0, 1.5, 1.5, 1.5, 1.5, 1.5],[0.5, 1.0, 1.0, 1.5, 2.0, 2.0, 2.0, 2.0, 2.0, 2.0, 1.9999999999999998],[0.5, 1.0, 1.0, 1.5, 2.0, 2.0, 2.0, 2.0, 2.0, 2.0, 2.0],[1.0, 1.5, 1.5, 1.5, 1.5, 1.5, 1.5, 1.5, 1.5, 1.5, 1.5],[0.9999999999999998, 1.4999999999999996, 1.4999999999999996, 1.4999999999999996, 1.4999999999999996, 1.4999999999999996, 1.4999999999999996, 1.4999999999999996, 1.4999999999999996, 1.4999999999999996, 1.4999999999999996]
]

L = 5

[
[0.49999999999999994, 0.49999999999999994, 0.49999999999999994, 0.49999999999999994, 0.49999999999999994, 0.49999999999999994, 0.9999999999999999, 0.9999999999999999, 0.9999999999999999, 0.9999999999999999, 0.9999999999999999],[0.49999999999999994, 0.49999999999999994, 0.49999999999999994, 0.49999999999999994, 0.49999999999999994, 0.49999999999999994, 0.9999999999999999, 0.9999999999999999, 0.9999999999999999, 0.9999999999999999, 0.9999999999999999],[0.49999999999999994, 0.49999999999999994, 0.49999999999999994, 0.9999999999999999, 0.9999999999999999, 0.9999999999999999, 0.9999999999999999, 0.9999999999999999, 0.9999999999999999, 0.9999999999999999, 0.9999999999999999],[0.49999999999999994, 0.49999999999999994, 0.49999999999999994, 0.9999999999999999, 0.9999999999999999, 0.9999999999999999, 0.9999999999999999, 0.9999999999999999, 0.9999999999999999, 0.9999999999999999, 0.9999999999999999],[0.49999999999999983, 0.9999999999999998, 0.9999999999999998, 0.9999999999999998, 0.9999999999999998, 0.9999999999999998, 0.9999999999999998, 0.9999999999999998, 0.9999999999999998, 0.9999999999999998, 0.9999999999999998],[0.5000000000000001, 1.0000000000000002, 1.0000000000000002, 1.0000000000000002, 1.0000000000000002, 1.0000000000000002, 1.0000000000000002, 1.0000000000000002, 1.0000000000000002, 1.0000000000000002, 1.0000000000000002],[3.203426503814918e-16, 3.203426503814918e-16, 3.203426503814918e-16, 3.203426503814918e-16, 3.203426503814918e-16, 3.203426503814918e-16, 3.203426503814918e-16, 3.203426503814918e-16, 3.203426503814918e-16, 3.203426503814918e-16, 3.203426503814918e-16],[-1.2813706015259676e-15, -1.2813706015259676e-15, -1.2813706015259676e-15, -1.2813706015259676e-15, -1.2813706015259676e-15, -1.2813706015259676e-15, -1.2813706015259676e-15, -1.2813706015259676e-15, -1.2813706015259676e-15, -1.2813706015259676e-15, -1.2813706015259676e-15],[0.9999999999999999, 0.9999999999999999, 0.9999999999999999, 0.9999999999999999, 0.9999999999999999, 0.9999999999999999, 0.9999999999999999, 0.9999999999999999, 0.9999999999999999, 0.9999999999999999, 0.9999999999999999],[-1.922055902288952e-15, -1.922055902288952e-15, -1.922055902288952e-15, -1.922055902288952e-15, -1.922055902288952e-15, -1.922055902288952e-15, -1.922055902288952e-15, -1.922055902288952e-15, -1.922055902288952e-15, -1.922055902288952e-15, -1.922055902288952e-15],[1.0, 1.0, 1.0, 1.0, 1.0, 1.0, 1.0, 1.0, 1.0, 1.0, 1.0]
]

L = 6

[
[-6.406853007629837e-16, -6.406853007629837e-16, -6.406853007629837e-16, -6.406853007629837e-16, -6.406853007629837e-16, -6.406853007629837e-16, -6.406853007629837e-16, -6.406853007629837e-16, -6.406853007629837e-16, -6.406853007629837e-16, -6.406853007629837e-16],[0.5, 0.5, 0.5, 1.0, 1.0, 1.0, 1.5, 1.5, 1.5, 2.0, 2.0],[0.5, 0.5, 0.5, 1.0, 1.0, 1.0, 1.375, 1.375, 1.375, 1.75, 2.5],[0.5, 1.0, 1.0, 1.375, 1.75, 1.75, 2.125, 2.375, 2.375, 2.625, 2.625],[0.3349362631784599, 0.6550960287358515, 0.6550960287358515, 0.975255794293243, 1.2707267971416814, 1.2707267971416814, 1.5661977999901198, 1.8161977999901198, 1.8161977999901198, 2.0661977999901198, 4.0698797549569],[0.7959585933443496, 1.1709585933443496, 1.5459585933443496, 2.186278124459133, 2.5064378900165245, 2.826597655573916, 3.033552538352612, 3.240507421131308, 3.240507421131308, 3.240507421131308, 3.2405074211313076],[0.7421012790218104, 1.0426052501261505, 1.2926052501261505, 1.7625759880166814, 1.9695308707953774, 2.1764857535740734, 2.361031917562302, 2.7000191013557644, 2.8562691013557644, 3.0125191013557644, 4.2256625775543215],[0.731795216313481, 1.3939130916367, 1.8078228571940915, 2.3557475654681492, 2.681804889636193, 3.150554889636193, 3.404384772414889, 3.785129596582933, 4.165874420750976, 4.316226862140324, 4.868091915301568],[0.8370835070661018, 1.5794921673112532, 2.0551016501940547, 2.6674529362530817, 2.9810656731119725, 3.394604486071165, 3.648434368849861, 3.980312884407253, 4.287758245659317, 4.426482330402624, 4.54602754469159],[1.3226526333301671, 2.276128334657934, 3.1070965724421034, 3.721001811240949, 4.245930262430206, 4.712523307220852, 4.921389965317859, 4.921389965317857, 4.921389965317857, 4.921389965317857, 4.921389965317857],[1.4803419399785263, 2.4276583295429366, 3.315705159431185, 4.046530097148555, 4.510544803266605, 4.632236162911393, 4.632236162911392, 4.632236162911392, 4.632236162911392, 4.632236162911392, 4.632236162911392],[2.659269480469963, 3.9733296347379925, 4.559637721541508, 4.559637721541508, 4.559637721541508, 4.559637721541508, 4.559637721541508, 4.559637721541508, 4.559637721541508, 4.559637721541508, 4.559637721541508],[2.602388431824255, 3.874397522858036, 4.4982960886185, 4.67561860654172, 4.740906173146226, 4.763038349618371, 4.769201469411319, 4.770498195403506, 4.770767005260325, 4.770827654059891, 4.770832122977544]
]

L = 7

[
[0.49999999999999994, 0.49999999999999994, 0.49999999999999994, 0.9999999999999999, 0.9999999999999999, 0.9999999999999999, 0.9999999999999999, 0.9999999999999999, 0.9999999999999999, 0.9999999999999999, 0.9999999999999999],[0.5, 0.5, 0.5, 1.0, 1.0, 1.0, 1.5, 1.5, 1.5, 2.0, 2.0],[0.375, 0.75, 0.75, 1.125, 1.5, 1.5, 1.875, 2.25, 2.25, 2.625, 3.0],[0.375, 0.75, 0.75, 1.125, 1.375, 1.375, 1.625, 1.875, 1.875, 2.125, 3.625],[0.7851921111274094, 1.105351876684801, 1.355351876684801, 1.855351876684801, 2.105351876684801, 2.355351876684801, 2.605351876684801, 3.105351876684801, 3.355351876684801, 3.511601876684801, 3.7152061431704713],[0.7867280246382005, 1.106887790195592, 1.4270475557529836, 1.9759779950360015, 2.1829328778146975, 2.3898877605933935, 2.5968426433720895, 3.0107524089294815, 3.2177072917081775, 3.4246621744868735, 3.6956160131889764],[0.892267819078786, 1.660829975488349, 2.074739741045741, 2.5855353401798538, 2.8980353401798538, 3.3555870142341644, 3.62308483304645, 3.937499774435798, 4.2081676170830935, 4.344235931736181, 4.57258696357541],[0.9209538683445815, 1.7430153116909133, 2.201585867090863, 2.867111305269508, 3.2810210708268994, 3.7395888410647036, 3.9934187238433996, 4.120333665232748, 4.120333665232748, 4.120333665232748, 4.120333665232748],[1.5446341864304256, 2.65694513655133, 3.6186361876894453, 4.270044549043563, 4.270044549043564, 4.270044549043564, 4.270044549043564, 4.270044549043564, 4.270044549043564, 4.270044549043564, 4.270044549043564],[1.9404712471302248, 3.0729037218215267, 3.7493307753723304, 3.8762457167616784, 3.8762457167616784, 3.8762457167616784, 3.8762457167616784, 3.8762457167616784, 3.8762457167616784, 3.8762457167616784, 3.8762457167616784],[2.6334955424770374, 4.289298885499644, 4.289298885499644, 4.289298885499644, 4.289298885499644, 4.289298885499644, 4.289298885499644, 4.289298885499644, 4.289298885499644, 4.289298885499644, 4.289298885499644],[2.8739512703920003, 4.165049566190709, 4.165049566190708, 4.165049566190708, 4.165049566190708, 4.165049566190708, 4.165049566190708, 4.165049566190708, 4.165049566190708, 4.165049566190708, 4.165049566190708],[3.3217737302480383, 3.3217737302480383, 3.3217737302480383, 3.3217737302480383, 3.3217737302480383, 3.3217737302480383, 3.3217737302480383, 3.3217737302480383, 3.3217737302480383, 3.3217737302480383, 3.3217737302480383],[3.8994385230137842, 4.6632000197520895, 4.6632000197520895, 4.6632000197520895, 4.6632000197520895, 4.6632000197520895, 4.6632000197520895, 4.6632000197520895, 4.6632000197520895, 4.6632000197520895, 4.6632000197520895],[4.073326354013126, 4.273886271159739, 4.297173724995963, 4.299312050198839, 4.29937995058201, 4.29938234194559, 4.299382362179219, 4.29938236231821, 4.299382362318211, 4.299382362318211, 4.299382362318211]
]

L = 8

[
[0.49999999999999994, 0.49999999999999994, 0.49999999999999994, 0.9999999999999999, 0.9999999999999999, 0.9999999999999999, 0.9999999999999999, 0.9999999999999999, 0.9999999999999999, 0.9999999999999999, 0.9999999999999999],[0.5, 1.0, 1.0, 1.5, 2.0, 2.0, 2.0, 2.0, 2.0, 2.0, 2.0],[0.5177379678689323, 1.0177379678689324, 1.0177379678689324, 1.4553509563842495, 1.8303509563842495, 1.8303509563842495, 1.8303509563842495, 1.8303509563842495, 1.8303509563842495, 1.8303509563842495, 1.8303509563842495],[0.8648389863562542, 1.2398389863562542, 1.4898389863562542, 1.9898389863562542, 2.2398389863562542, 2.4898389863562542, 2.7398389863562542, 3.2398389863562542, 3.3386447256663176, 3.3386447256663176, 3.3386447256663176],[0.6951597655573916, 1.0153195311147831, 1.3354792966721747, 1.8354792966721747, 2.0854792966721747, 2.3354792966721747, 2.4917292966721747, 2.8042292966721747, 2.9604792966721747, 3.1167292966721747, 4.054229296672175],[0.771588794705389, 1.3924534430414763, 1.7049534430414766, 2.1737034430414766, 2.4862034430414766, 2.954953443041477, 3.267453443041477, 3.673703443041477, 3.954953443041477, 4.142453443041477, 4.941706990267304],[0.5467435833450272, 1.0458952029819535, 1.3583952029819535, 1.8085237445787716, 2.087446144930078, 2.4807372278844273, 2.722426701060102, 3.0436897674882353, 3.3249397674882353, 3.5124397674882353, 5.6982575889412965],[1.0356557122004657, 1.7398707293472981, 2.2815985813790576, 2.7503485813790576, 3.2190985813790576, 3.6878485813790576, 4.156598581379058, 4.61361107184478, 4.977372304061831, 5.250809804061831, 5.788903714297377],[0.7817833088413171, 1.3900139666291853, 1.9613372657068302, 2.507864724199859, 2.992753897899617, 3.4549918573244485, 3.8847886577723134, 4.260669761245683, 4.695481034500359, 4.991926752417575, 6.169805452074786],[1.5878323690067908, 2.632193175482479, 3.4863040809198163, 4.229240029885493, 4.906804347400398, 5.453679347400398, 5.8683766438833285, 6.047196277063529, 6.047196277063529, 6.047196277063529, 6.047196277063529],[1.5486175968892375, 2.6279964384023557, 3.513864775702125, 4.220730633427554, 4.868706732980709, 5.387238583005853, 5.780830926952605, 6.074127120099014, 6.109283370099014, 6.109283370099014, 6.109283370099014],[2.196101281588454, 3.8037059254751666, 5.232107415383654, 6.231114369400719, 6.28875442607969, 6.28875442607969, 6.28875442607969, 6.288754426079691, 6.28875442607969, 6.28875442607969, 6.28875442607969],[2.1093048596622324, 3.608183400085178, 4.8144286142171655, 5.677634129031079, 6.253040496916057, 6.539853743517332, 6.673480479043219, 6.675817335762325, 6.675817335762327, 6.675817335762326, 6.675817335762326],[3.3808490695459055, 5.320325195582015, 6.3714883237126605, 6.905809758370794, 6.929835888965657, 6.929835888965659, 6.929835888965657, 6.929835888965657, 6.929835888965658, 6.929835888965657, 6.929835888965658],[3.851986720820525, 6.187505710819728, 6.271647447569768, 6.271647447569768, 6.271647447569768, 6.271647447569768, 6.271647447569767, 6.271647447569768, 6.271647447569768, 6.271647447569768, 6.271647447569768],[6.1748086890268405, 6.2585384083784295, 6.258538408378429, 6.2585384083784295, 6.258538408378429, 6.258538408378429, 6.258538408378429, 6.2585384083784295, 6.258538408378429, 6.258538408378429, 6.258538408378429],[5.9454909400939, 6.465438036701968, 6.513091450423176, 6.518149458513344, 6.518469444531293, 6.518482637606892, 6.518482859972863, 6.518482862071473, 6.5184828620842366, 6.5184828620842366, 6.5184828620842366]
]

L = 9

[
[-6.406853007629837e-16, -6.406853007629837e-16, -6.406853007629837e-16, -6.406853007629837e-16, -6.406853007629837e-16, -6.406853007629837e-16, -6.406853007629837e-16, -6.406853007629837e-16, -6.406853007629837e-16, -6.406853007629837e-16, -6.406853007629837e-16],[0.5, 1.0, 1.0, 1.5, 2.0, 2.0, 2.0, 2.0, 2.0, 2.0, 2.0],[1.0, 1.375, 1.75, 2.5, 2.5, 2.5, 2.5, 2.5, 2.5, 2.5, 2.5],[0.8023148814000081, 1.052314881400008, 1.302314881400008, 1.802314881400008, 2.052314881400008, 2.302314881400008, 2.552314881400008, 3.052314881400008, 3.302314881400008, 3.552314881400008, 3.6809534860365503],[1.1250000000000004, 1.8750000000000004, 2.3750000000000004, 3.0312500000000004, 3.3437500000000004, 3.8125, 3.8125, 3.8125, 3.8125, 3.8125, 3.8125],[0.771588794705389, 1.521588794705389, 1.9971641081446156, 2.498306390643052, 2.810806390643052, 3.279556390643052, 3.592056390643052, 3.998306390643052, 4.279556390643052, 4.467056390643052, 4.6223854657336565],[1.446244235096588, 2.3289040006539796, 3.1101540006539796, 3.7499990143110584, 4.303413685215604, 4.67741756943718, 4.852942263619157, 4.852942263619157, 4.852942263619157, 4.852942263619157, 4.852942263619157],[1.052279612017099, 1.8335296120170985, 2.54543027721186, 3.1800049841586, 3.668323644211432, 4.115708387843125, 4.491589491316494, 4.842379872065292, 5.170504872065292, 5.387615888270505, 5.582156492194926],[1.8836299597145671, 3.197993715989965, 4.1604861378757265, 4.9217371935527865, 5.422128198480733, 5.422128198480733, 5.422128198480733, 5.422128198480733, 5.422128198480733, 5.422128198480733, 5.422128198480733],[2.1400507415707533, 3.533821907229395, 4.543595176243504, 5.051846450902655, 5.173506592286881, 5.173506592286881, 5.173506592286881, 5.173506592286881, 5.173506592286881, 5.173506592286881, 5.173506592286881],[3.6104824033865257, 5.029621211428372, 5.029621211428372, 5.029621211428372, 5.029621211428372, 5.029621211428372, 5.029621211428372, 5.029621211428372, 5.029621211428372, 5.029621211428372, 5.029621211428372],[4.258910039640178, 4.258910039640178, 4.258910039640178, 4.258910039640178, 4.258910039640178, 4.258910039640178, 4.258910039640178, 4.258910039640178, 4.258910039640178, 4.258910039640178, 4.258910039640178],[4.5389888952545006, 4.5389888952545006, 4.5389888952545006, 4.5389888952545006, 4.5389888952545006, 4.5389888952545006, 4.5389888952545006, 4.5389888952545006, 4.5389888952545006, 4.5389888952545006, 4.5389888952545006],[4.903154706164676, 4.903154706164676, 4.903154706164676, 4.903154706164676, 4.903154706164676, 4.903154706164676, 4.903154706164676, 4.903154706164676, 4.903154706164676, 4.903154706164676, 4.903154706164676],[4.306387439561467, 4.306387439561467, 4.306387439561467, 4.306387439561467, 4.306387439561467, 4.306387439561467, 4.306387439561467, 4.306387439561467, 4.306387439561467, 4.306387439561467, 4.306387439561467],[5.129979275708876, 5.129979275708876, 5.129979275708876, 5.129979275708876, 5.129979275708876, 5.129979275708876, 5.129979275708876, 5.129979275708876, 5.129979275708876, 5.129979275708876, 5.129979275708876],[5.0652087782875, 5.0652087782875, 5.0652087782875, 5.0652087782875, 5.0652087782875, 5.0652087782875, 5.0652087782875, 5.0652087782875, 5.0652087782875, 5.0652087782875, 5.0652087782875],[5.911159518558083, 5.911159518558083, 5.911159518558083, 5.911159518558083, 5.911159518558083, 5.911159518558083, 5.911159518558083, 5.911159518558083, 5.911159518558083, 5.911159518558083, 5.911159518558083],[6.367093492420979, 6.503183637830139, 6.504234655532193, 6.5042365362466885, 6.5042365367212716, 6.504236536721271, 6.504236536721271, 6.504236536721271, 6.5042365367212716, 6.5042365367212716, 6.504236536721271]
]

L = 4

[
[0.49999999999999994, 0.49999999999999994, 0.49999999999999994, 0.49999999999999994, 0.49999999999999994, 0.49999999999999994, 0.49999999999999994, 0.49999999999999994, 0.49999999999999994, 0.49999999999999994, 0.9999999999999999],[0.49999999999999994, 0.49999999999999994, 0.49999999999999994, 0.49999999999999994, 0.49999999999999994, 0.49999999999999994, 1.0, 1.0, 1.0, 1.0, 1.5],[0.49999999999999994, 0.49999999999999994, 0.49999999999999994, 0.49999999999999994, 0.49999999999999994, 0.49999999999999994, 1.0, 1.0, 1.0, 1.0, 1.5],[0.5, 0.5, 0.5, 1.0, 1.0, 1.0, 1.5, 1.5, 1.5, 1.5, 1.5],[0.5, 0.5, 0.5, 1.0, 1.0, 1.0, 1.5, 1.5, 1.5, 2.0, 2.0],[0.49999999999999994, 0.9999999999999998, 0.9999999999999998, 1.4999999999999996, 1.4999999999999996, 1.4999999999999996, 1.4999999999999996, 1.4999999999999996, 1.4999999999999996, 1.4999999999999996, 1.4999999999999996],[0.49999999999999983, 0.9999999999999998, 0.9999999999999998, 1.4999999999999996, 1.4999999999999996, 1.4999999999999996, 1.4999999999999996, 1.4999999999999996, 1.4999999999999996, 1.4999999999999996, 1.4999999999999996],[1.0, 1.5, 1.5, 1.5, 1.5, 1.5, 1.5, 1.5, 1.5, 1.5, 1.5],[1.0, 1.5, 1.5, 1.5, 1.5, 1.5, 1.5, 1.5, 1.5, 1.5, 1.5]
]

L = 5

[
[0.49999999999999994, 0.49999999999999994, 0.49999999999999994, 0.49999999999999994, 0.49999999999999994, 0.49999999999999994, 0.9999999999999999, 0.9999999999999999, 0.9999999999999999, 0.9999999999999999, 0.9999999999999999],[-0.0, -0.0, -0.0, -0.0, -0.0, -0.0, -0.0, -0.0, -0.0, -0.0, -0.0],[-6.406853007629837e-16, -6.406853007629837e-16, -6.406853007629837e-16, -6.406853007629837e-16, -6.406853007629837e-16, -6.406853007629837e-16, -6.406853007629837e-16, -6.406853007629837e-16, -6.406853007629837e-16, -6.406853007629837e-16, -6.406853007629837e-16],[0.49999999999999994, 0.49999999999999994, 0.49999999999999994, 0.9999999999999999, 0.9999999999999999, 0.9999999999999999, 0.9999999999999999, 0.9999999999999999, 0.9999999999999999, 0.9999999999999999, 0.9999999999999999],[0.49999999999999994, 0.9999999999999999, 0.9999999999999999, 0.9999999999999999, 0.9999999999999999, 0.9999999999999999, 0.9999999999999999, 0.9999999999999999, 0.9999999999999999, 0.9999999999999999, 0.9999999999999999],[0.49999999999999994, 1.0, 1.0, 1.0, 1.0, 1.0, 1.0, 1.0, 1.0, 1.0, 1.0],[0.9999999999999998, 0.9999999999999998, 0.9999999999999998, 0.9999999999999998, 0.9999999999999998, 0.9999999999999998, 0.9999999999999998, 0.9999999999999998, 0.9999999999999998, 0.9999999999999998, 0.9999999999999998],[3.203426503814918e-16, 3.203426503814918e-16, 3.203426503814918e-16, 3.203426503814918e-16, 3.203426503814918e-16, 3.203426503814918e-16, 3.203426503814918e-16, 3.203426503814918e-16, 3.203426503814918e-16, 3.203426503814918e-16, 3.203426503814918e-16],[0.9999999999999999, 0.9999999999999999, 0.9999999999999999, 0.9999999999999999, 0.9999999999999999, 0.9999999999999999, 0.9999999999999999, 0.9999999999999999, 0.9999999999999999, 0.9999999999999999, 0.9999999999999999],[1.0000000000000004, 1.0000000000000004, 1.0000000000000004, 1.0000000000000004, 1.0000000000000004, 1.0000000000000004, 1.0000000000000004, 1.0000000000000004, 1.0000000000000004, 1.0000000000000004, 1.0000000000000004],[0.9999999999999997, 0.9999999999999997, 0.9999999999999997, 0.9999999999999997, 0.9999999999999997, 0.9999999999999997, 0.9999999999999997, 0.9999999999999997, 0.9999999999999997, 0.9999999999999997, 0.9999999999999997]
]

L = 6

[
[0.49999999999999994, 0.49999999999999994, 0.49999999999999994, 0.49999999999999994, 0.49999999999999994, 0.49999999999999994, 0.9999999999999999, 0.9999999999999999, 0.9999999999999999, 0.9999999999999999, 0.9999999999999999],[0.5, 0.5, 0.5, 1.0, 1.0, 1.0, 1.5, 1.5, 1.5, 2.0, 2.0],[0.5, 0.5, 0.5, 1.0, 1.0, 1.0, 1.375, 1.375, 1.375, 1.75, 2.5],[0.375, 0.75, 0.75, 1.125, 1.375, 1.375, 1.625, 1.875, 1.875, 2.125, 3.625],[0.375, 0.75, 0.75, 1.0701597655573916, 1.3903195311147831, 1.3903195311147831, 1.6403195311147831, 1.8903195311147831, 1.8903195311147831, 2.140319531114783, 3.765319531114783],[0.6626589849345719, 0.9434187357798509, 1.2150075304852401, 1.6905828439244668, 1.9025977050520988, 2.1095525878307946, 2.3165074706094906, 2.7235377776888448, 2.907753135865481, 3.064003135865481, 4.374771266719647],[0.7788451985217948, 1.112486873865308, 1.410208916205356, 1.9488132128775308, 2.218115361213618, 2.425070243992314, 2.6320251267710097, 2.9952300095497053, 3.1514800095497053, 3.3077300095497053, 3.844074379440197],[0.8706978429622895, 1.635952321837936, 2.1090563829948277, 2.697103058490713, 3.0161415678294774, 3.4073446927159616, 3.6611745754946576, 4.032774658082162, 4.276877099471509, 4.389858045700684, 4.501986312325645],[0.7937993812905831, 1.538060433381238, 2.0177216917083647, 2.68324712988701, 3.0971568954444018, 3.643726426559185, 3.983341074895272, 4.2673138525952465, 4.267313852595247, 4.267313852595247, 4.267313852595247],[1.5022472370941138, 2.427441625593014, 3.306608588063905, 4.049302010390573, 4.508016551433163, 4.628379101740433, 4.628379101740432, 4.628379101740432, 4.628379101740432, 4.628379101740432, 4.628379101740432],[1.5217107780137187, 2.377594902913984, 2.98029335994845, 3.5552998742143, 4.092747841172705, 4.587340058933787, 4.87702637131339, 4.87702637131339, 4.87702637131339, 4.87702637131339, 4.87702637131339],[2.384965584050297, 3.63412730943666, 4.5738261062018575, 4.860069923043584, 4.860069923043584, 4.860069923043584, 4.860069923043584, 4.860069923043584, 4.860069923043584, 4.860069923043584, 4.860069923043584],[2.5217306384068188, 3.996402108080539, 4.470180110555095, 4.590175114115155, 4.62082495825781, 4.631714118768617, 4.632804762710091, 4.632877456072272, 4.63289535792299, 4.632895845467943, 4.632895856255502]
]

L = 7

[
[0.49999999999999994, 0.49999999999999994, 0.49999999999999994, 0.9999999999999999, 0.9999999999999999, 0.9999999999999999, 0.9999999999999999, 0.9999999999999999, 0.9999999999999999, 0.9999999999999999, 0.9999999999999999],[0.49999999999999994, 0.49999999999999994, 0.49999999999999994, 1.0, 1.0, 1.0, 1.5, 1.5, 1.5, 1.5, 1.5],[0.5, 1.0, 1.0, 1.375, 1.75, 1.75, 2.125, 2.5, 2.5, 2.5, 2.5],[0.375, 0.75, 0.75, 1.125, 1.375, 1.375, 1.625, 1.875, 1.875, 2.125, 3.625],[0.7060025339689489, 1.0014735368173873, 1.2969445396658257, 1.7969445396658257, 2.0469445396658257, 2.2969445396658257, 2.5469445396658257, 2.8594445396658257, 3.0156945396658257, 3.1719445396658257, 4.112885353456316],[0.6403195311147831, 0.9181452164759183, 1.1681452164759183, 1.5820549820333099, 1.7890098648120056, 1.977652147310442, 2.133902147310442, 2.446402147310442, 2.602652147310442, 2.758902147310442, 4.602583024446994],[0.8170597975538272, 1.4379244458899145, 1.851834211447306, 2.368158022648506, 2.680658022648506, 3.1494080226485064, 3.4619080226485064, 3.8426528468165504, 4.12390284681655, 4.31140284681655, 4.821560365485759],[0.8763145952676825, 1.7160498561623152, 2.2558624358444668, 2.8305720111257613, 3.1145447888257363, 3.5176917496816755, 3.7715216324603715, 4.152266456628415, 4.291261650910502, 4.291261650910502, 4.291261650910502],[2.076354130238409, 3.308559084178552, 3.308559084178552, 3.308559084178552, 3.308559084178552, 3.308559084178552, 3.308559084178552, 3.308559084178552, 3.308559084178552, 3.308559084178552, 3.308559084178552],[1.683944841210335, 2.7983972787967843, 3.6943799258536423, 4.197289000589446, 4.197289000589446, 4.197289000589446, 4.197289000589446, 4.197289000589446, 4.197289000589446, 4.197289000589446, 4.197289000589446],[2.815859232388672, 4.207127439130059, 4.207127439130059, 4.207127439130059, 4.207127439130059, 4.207127439130059, 4.207127439130059, 4.207127439130059, 4.207127439130059, 4.207127439130059, 4.207127439130059],[2.7868401161238596, 4.229878419700756, 4.229878419700755, 4.229878419700755, 4.229878419700755, 4.229878419700755, 4.229878419700755, 4.229878419700755, 4.229878419700755, 4.229878419700755, 4.229878419700755],[4.282877401501483, 4.282877401501483, 4.282877401501483, 4.282877401501483, 4.282877401501483, 4.282877401501483, 4.282877401501483, 4.282877401501483, 4.282877401501483, 4.282877401501483, 4.282877401501483],[4.16125254558847, 4.16125254558847, 4.16125254558847, 4.16125254558847, 4.16125254558847, 4.16125254558847, 4.16125254558847, 4.16125254558847, 4.16125254558847, 4.16125254558847, 4.16125254558847],[3.429132106012403, 4.866120011424377, 5.237509480762367, 5.361540592742397, 5.40343375906395, 5.417576509958453, 5.421606268765716, 5.4229408136870605, 5.423316571180049, 5.423329402264949, 5.423330373250402]
]

L = 8

[
[0.49999999999999994, 0.49999999999999994, 0.49999999999999994, 0.9999999999999999, 0.9999999999999999, 0.9999999999999999, 0.9999999999999999, 0.9999999999999999, 0.9999999999999999, 0.9999999999999999, 0.9999999999999999],[0.49999999999999994, 1.0, 1.0, 1.0, 1.0, 1.0, 1.0, 1.0, 1.0, 1.0, 1.0],[0.375, 0.75, 0.75, 1.125, 1.5, 1.5, 1.875, 2.25, 2.25, 2.625, 3.0],[0.8505245584602701, 1.10052455846027, 1.35052455846027, 1.85052455846027, 2.10052455846027, 2.35052455846027, 2.60052455846027, 3.10052455846027, 3.35052455846027, 3.525219009173214, 3.525219009173214],[0.6403195311147831, 0.8903195311147831, 1.1403195311147831, 1.6403195311147831, 1.8903195311147831, 2.140319531114783, 2.296569531114783, 2.609069531114783, 2.765319531114783, 2.921569531114783, 4.327819531114783],[0.730471422506716, 1.3699565015033344, 1.7148487840017703, 2.18359878400177, 2.49609878400177, 2.8913113446852967, 3.0788113446852967, 3.3600613446852967, 3.641311344685297, 3.828811344685297, 5.130919928410027],[0.7698793937459784, 1.417903289181531, 1.7500352787962303, 2.21878527879623, 2.5063938023240175, 2.899684885278367, 3.153514768057063, 3.529280438450046, 3.822576369909441, 4.0100763699094415, 5.100158218052308],[0.8488950462716794, 1.4196960693489102, 1.908014729401743, 2.3643078777034754, 2.7533167384317436, 3.1291978419051136, 3.5050789453784836, 3.878286248259665, 4.255144007008131, 4.528581507008129, 6.387861255856148],[0.9788005207254771, 1.607933116764067, 2.1631160621665586, 2.6489282668631784, 3.0858501329500707, 3.4705970059097107, 3.815242024926099, 4.10706500316406, 4.432315070975308, 4.681434771365628, 6.286357948778814],[2.0016258258505344, 3.2577090308317187, 4.221864843886485, 4.882497613402135, 5.302411063034368, 5.460537968172046, 5.460537968172046, 5.460537968172046, 5.460537968172046, 5.460537968172046, 5.460537968172046],[1.2247937322839038, 2.1286508403791498, 2.955168794633336, 3.6889092109372235, 4.312949403545178, 4.759043549844266, 5.14463692149414, 5.492380890521087, 5.818931382923287, 6.069183050873212, 6.757910796748276],[1.8584041794593316, 3.239532290795606, 4.39485953138785, 5.259656374268924, 5.925210254739912, 6.4171271307617594, 6.775418000709216, 6.968230574994626, 6.988165882418423, 6.988165882418423, 6.988165882418424],[2.1411874424325608, 3.8337131654026693, 5.217741815685532, 6.2344466696220024, 6.30085034785023, 6.30085034785023, 6.300850347850231, 6.300850347850229, 6.30085034785023, 6.30085034785023, 6.30085034785023],[3.8660432704992838, 6.202843650153208, 6.271662668695219, 6.271662668695219, 6.271662668695219, 6.271662668695219, 6.271662668695219, 6.271662668695219, 6.271662668695219, 6.271662668695219, 6.271662668695219],[4.0070286907599035, 6.177658594668204, 6.244373454000362, 6.244373454000362, 6.244373454000362, 6.244373454000362, 6.244373454000362, 6.244373454000362, 6.244373454000362, 6.244373454000362, 6.244373454000362],[5.376010597634211, 5.376010597634211, 5.376010597634211, 5.376010597634211, 5.376010597634211, 5.376010597634211, 5.376010597634211, 5.376010597634211, 5.376010597634211, 5.376010597634211, 5.376010597634211],[5.738973505956814, 5.78265821494771, 5.782849059754394, 5.782849467791135, 5.782849467795441, 5.782849467795442, 5.78284946779544, 5.78284946779544, 5.782849467795441, 5.782849467795441, 5.78284946779544]
]

L = 9

[
[0.49999999999999994, 0.9999999999999999, 0.9999999999999999, 0.9999999999999999, 0.9999999999999999, 0.9999999999999999, 0.9999999999999999, 0.9999999999999999, 0.9999999999999999, 0.9999999999999999, 0.9999999999999999],[0.49999999999999994, 1.0, 1.0, 1.5, 1.5, 1.5, 1.5, 1.5, 1.5, 1.5, 1.5],[0.75, 1.125, 1.5, 2.25, 2.625, 3.0, 3.0, 3.0, 3.0, 3.0, 3.0],[0.8023148814000083, 1.1773148814000085, 1.5523148814000085, 2.0523148814000085, 2.3023148814000085, 2.5523148814000085, 2.8023148814000085, 3.3023148814000085, 3.4309534860365507, 3.4309534860365507, 3.4309534860365503],[1.0153195311147831, 1.8107905339632215, 2.3107905339632215, 3.0607905339632215, 3.4670405339632215, 3.8557962741330583, 3.8557962741330583, 3.8557962741330583, 3.8557962741330583, 3.8557962741330583, 3.8557962741330583],[0.75, 1.5, 1.9569548827786958, 2.4764097655573916, 2.7889097655573916, 3.2576597655573916, 3.5701597655573916, 3.9764097655573916, 4.257659765557392, 4.445159765557392, 4.632659765557392],[1.2587639772615407, 2.1371908247568494, 2.91844082475685, 3.5117781664975043, 3.9805281664975043, 4.449278166497504, 4.761778166497504, 5.0140328445189075, 5.204507197915756, 5.2045071979157544, 5.2045071979157544],[1.3171358945226757, 2.1445050679308375, 2.9033021253822096, 3.541402380183852, 4.082998425197902, 4.525661218500146, 4.892314348407635, 5.089432152621468, 5.089432152621468, 5.089432152621468, 5.089432152621468],[2.019578364054763, 3.4436246983574996, 4.539979825166957, 5.162433413987663, 5.162433413987663, 5.162433413987663, 5.162433413987663, 5.162433413987663, 5.162433413987663, 5.162433413987663, 5.162433413987663],[1.930347337201646, 3.2597825409376835, 4.407071755634987, 5.239163271294432, 5.239163271294432, 5.239163271294432, 5.239163271294432, 5.239163271294432, 5.239163271294432, 5.239163271294432, 5.239163271294432],[3.3652587526910676, 5.19682970805765, 5.19682970805765, 5.19682970805765, 5.19682970805765, 5.19682970805765, 5.19682970805765, 5.19682970805765, 5.19682970805765, 5.19682970805765, 5.19682970805765],[3.012341532514107, 4.952498776372983, 5.523666787289377, 5.523666787289377, 5.523666787289377, 5.523666787289377, 5.523666787289377, 5.523666787289377, 5.523666787289377, 5.523666787289377, 5.523666787289377],[5.094595738566647, 5.1531237156099285, 5.1531237156099285, 5.1531237156099285, 5.1531237156099285, 5.1531237156099285, 5.1531237156099285, 5.1531237156099285, 5.1531237156099285, 5.1531237156099285, 5.1531237156099285],[5.09935517714819, 5.269045065243731, 5.269045065243731, 5.269045065243731, 5.269045065243731, 5.269045065243731, 5.269045065243731, 5.269045065243731, 5.269045065243731, 5.269045065243731, 5.269045065243731],[5.5282107060446535, 5.5282107060446535, 5.5282107060446535, 5.5282107060446535, 5.5282107060446535, 5.5282107060446535, 5.5282107060446535, 5.5282107060446535, 5.5282107060446535, 5.5282107060446535, 5.5282107060446535],[5.536885397349755, 5.536885397349755, 5.536885397349755, 5.536885397349755, 5.536885397349755, 5.536885397349755, 5.536885397349755, 5.536885397349755, 5.536885397349755, 5.536885397349755, 5.536885397349755],[5.129791574544347, 5.129791574544347, 5.129791574544347, 5.129791574544347, 5.129791574544347, 5.129791574544347, 5.129791574544347, 5.129791574544347, 5.129791574544347, 5.129791574544347, 5.129791574544347],[4.930359645313898, 4.930359645313898, 4.930359645313898, 4.930359645313898, 4.930359645313898, 4.930359645313898, 4.930359645313898, 4.930359645313898, 4.930359645313898, 4.930359645313898, 4.930359645313898],[5.636612180377269, 5.645080361167576, 5.645080404547085, 5.645080404547085, 5.645080404547085, 5.645080404547085, 5.645080404547084, 5.645080404547084, 5.645080404547085, 5.645080404547085, 5.645080404547084]
]
Work done after 227.67215412855148 minutes

