
L = 4

[
[0.49999999999999994, 0.49999999999999994, 0.49999999999999994, 0.49999999999999994, 0.49999999999999994, 0.49999999999999994, 0.49999999999999994, 0.49999999999999994, 0.49999999999999994, 0.49999999999999994, 0.9999999999999999],[0.5, 0.5, 0.5, 0.5, 0.5, 0.5, 1.0, 1.0, 1.0, 1.0, 2.0],[0.5, 0.5, 0.5, 0.5, 0.5, 0.5, 1.0, 1.0, 1.0, 1.0, 2.0],[0.5, 0.5, 0.5, 1.0, 1.0, 1.0, 1.5, 1.5, 1.5, 1.5, 1.5],[0.5, 0.5, 0.5, 1.0, 1.0, 1.0, 1.5, 1.5, 1.5, 1.5, 1.5],[0.5, 1.0, 1.0, 1.5, 2.0, 2.0, 2.0, 2.0, 2.0, 2.0, 2.0],[0.5, 1.0, 1.0, 1.5, 2.0, 2.0, 2.0, 2.0, 2.0, 2.0, 2.0],[1.0, 1.5, 1.5, 1.5, 1.5, 1.5, 1.5, 1.5, 1.5, 1.5, 1.5],[1.0, 1.5, 1.5, 1.5, 1.5, 1.5, 1.5, 1.5, 1.5, 1.5, 1.5]
]

L = 5

[
[0.49999999999999994, 0.49999999999999994, 0.49999999999999994, 0.49999999999999994, 0.49999999999999994, 0.49999999999999994, 0.9999999999999999, 0.9999999999999999, 0.9999999999999999, 0.9999999999999999, 0.9999999999999999],[-0.0, -0.0, -0.0, -0.0, -0.0, -0.0, -0.0, -0.0, -0.0, -0.0, -0.0],[0.49999999999999994, 0.49999999999999994, 0.49999999999999994, 0.9999999999999999, 0.9999999999999999, 0.9999999999999999, 0.9999999999999999, 0.9999999999999999, 0.9999999999999999, 0.9999999999999999, 0.9999999999999999],[0.49999999999999994, 0.49999999999999994, 0.49999999999999994, 0.9999999999999999, 0.9999999999999999, 0.9999999999999999, 0.9999999999999999, 0.9999999999999999, 0.9999999999999999, 0.9999999999999999, 0.9999999999999999],[0.4999999999999999, 0.9999999999999998, 0.9999999999999998, 0.9999999999999998, 0.9999999999999998, 0.9999999999999998, 0.9999999999999998, 0.9999999999999998, 0.9999999999999998, 0.9999999999999998, 0.9999999999999998],[3.203426503814918e-16, 3.203426503814918e-16, 3.203426503814918e-16, 3.203426503814918e-16, 3.203426503814918e-16, 3.203426503814918e-16, 3.203426503814918e-16, 3.203426503814918e-16, 3.203426503814918e-16, 3.203426503814918e-16, 3.203426503814918e-16],[-6.406853007629837e-16, -6.406853007629837e-16, -6.406853007629837e-16, -6.406853007629837e-16, -6.406853007629837e-16, -6.406853007629837e-16, -6.406853007629837e-16, -6.406853007629837e-16, -6.406853007629837e-16, -6.406853007629837e-16, -6.406853007629837e-16],[1.0, 1.0, 1.0, 1.0, 1.0, 1.0, 1.0, 1.0, 1.0, 1.0, 1.0],[0.9999999999999997, 0.9999999999999997, 0.9999999999999997, 0.9999999999999997, 0.9999999999999997, 0.9999999999999997, 0.9999999999999997, 0.9999999999999997, 0.9999999999999997, 0.9999999999999997, 0.9999999999999997],[1.0000000000000004, 1.0000000000000004, 1.0000000000000004, 1.0000000000000004, 1.0000000000000004, 1.0000000000000004, 1.0000000000000004, 1.0000000000000004, 1.0000000000000004, 1.0000000000000004, 1.0000000000000004],[0.9999999999999999, 0.9999999999999999, 0.9999999999999999, 0.9999999999999999, 0.9999999999999999, 0.9999999999999999, 0.9999999999999999, 0.9999999999999999, 0.9999999999999999, 0.9999999999999999, 0.9999999999999999]
]

L = 6

[
[0.49999999999999994, 0.49999999999999994, 0.49999999999999994, 0.49999999999999994, 0.49999999999999994, 0.49999999999999994, 0.9999999999999999, 0.9999999999999999, 0.9999999999999999, 0.9999999999999999, 0.9999999999999999],[0.5, 0.5, 0.5, 1.0, 1.0, 1.0, 1.5, 1.5, 1.5, 2.0, 2.0],[0.5, 0.5, 0.5, 1.0, 1.0, 1.0, 1.375, 1.375, 1.375, 1.75, 2.5],[0.4528195311147832, 0.9056390622295664, 0.9056390622295664, 1.2806390622295662, 1.6556390622295662, 1.6556390622295662, 1.9056390622295662, 2.1556390622295662, 2.1556390622295662, 2.4056390622295662, 3.1556390622295662],[0.4077747829857426, 0.8084038469962447, 0.8084038469962447, 1.1834038469962447, 1.5584038469962447, 1.5584038469962447, 1.8084038469962447, 2.058403846996245, 2.058403846996245, 2.308403846996245, 3.5465056308364025],[0.8023148814000078, 1.1685155143849941, 1.4886752799423857, 1.9886752799423857, 2.2386752799423855, 2.4456301627210815, 2.6525850454997775, 3.066494811057169, 3.241766171415545, 3.398016171415545, 3.682904776052087],[0.6346129481119223, 0.9219623156988471, 1.209311683285772, 1.7433934904990325, 1.9933934904990325, 2.2433934904990323, 2.4777060797053, 2.8916158452626917, 3.0743530290561543, 3.257090212849617, 4.143148657195235],[0.8662642575860203, 1.7047298849896277, 2.194560514153191, 2.8377555574105573, 3.2145177643572964, 3.6774573843014737, 3.9509384735788884, 4.191872530978795, 4.191872530978795, 4.191872530978795, 4.191872530978795],[0.7763691213997075, 1.4684236740234275, 1.8643655375084633, 2.318145639376482, 2.602118417076457, 2.99793468870514, 3.251764571483836, 3.63250939565188, 3.9838336091608277, 4.171242742705105, 4.900838445005185],[1.5453799684516571, 2.658558779867811, 3.611148174715356, 4.274634399525076, 4.274634399525076, 4.274634399525076, 4.274634399525076, 4.274634399525076, 4.274634399525076, 4.274634399525076, 4.274634399525076],[1.5403579282919528, 2.3831440034272537, 2.9968230543098007, 3.5409375891349293, 4.085052123960057, 4.581295278567935, 4.873955718885818, 4.873955718885818, 4.873955718885818, 4.873955718885818, 4.873955718885818],[2.6290324047180587, 4.284862868406142, 4.284862868406142, 4.284862868406142, 4.284862868406142, 4.284862868406142, 4.284862868406142, 4.284862868406142, 4.284862868406142, 4.284862868406142, 4.284862868406142],[2.2652073544333415, 3.4015760285307675, 4.452895860192609, 4.844933512602173, 4.996468458300018, 5.0831105316076926, 5.130414493101743, 5.1644526497488945, 5.186649914343928, 5.199280277345795, 5.207508400020501]
]

L = 7

[
[0.49999999999999994, 0.49999999999999994, 0.49999999999999994, 0.9999999999999999, 0.9999999999999999, 0.9999999999999999, 0.9999999999999999, 0.9999999999999999, 0.9999999999999999, 0.9999999999999999, 0.9999999999999999],[0.5, 0.5, 0.5, 1.0, 1.0, 1.0, 1.5, 1.5, 1.5, 2.0, 2.0],[0.5, 1.0, 1.0, 1.375, 1.75, 1.75, 2.125, 2.5, 2.5, 2.5, 2.5],[0.4273148814000081, 0.8023148814000081, 0.8023148814000081, 1.177314881400008, 1.552314881400008, 1.552314881400008, 1.802314881400008, 2.052314881400008, 2.052314881400008, 2.302314881400008, 3.4309534860365503],[0.916440840703985, 1.2366006062613766, 1.5567603718187681, 2.0567603718187684, 2.3067603718187684, 2.5567603718187684, 2.8067603718187684, 3.2130103718187684, 3.324269779411381, 3.324269779411381, 3.324269779411381],[0.7867280246382005, 1.1068877901955922, 1.4270475557529838, 1.9759779950360015, 2.1829328778146975, 2.389887760593393, 2.596842643372089, 3.0107524089294806, 3.217707291708176, 3.4246621744868717, 3.6956160131889755],[0.8948585007312413, 1.682207868318166, 2.182207868318166, 2.803072516654253, 3.168546884241178, 3.6637840680346407, 3.9469490094239887, 4.200778892202685, 4.200778892202685, 4.200778892202685, 4.200778892202685],[0.9362622425274629, 1.79744981368891, 2.25602036908886, 2.8768850174249474, 3.2258262890536304, 3.636714008142953, 3.890543890921649, 4.1443737737003445, 4.1443737737003445, 4.1443737737003445, 4.1443737737003445],[1.65968930702459, 2.8154213549939513, 3.7672593728863655, 4.1809305457847294, 4.1809305457847294, 4.1809305457847294, 4.1809305457847294, 4.1809305457847294, 4.1809305457847294, 4.1809305457847294, 4.1809305457847294],[1.7795905791102014, 2.9063906156591153, 3.6935783453589366, 4.125672113149299, 4.125672113149299, 4.125672113149299, 4.125672113149299, 4.125672113149299, 4.125672113149299, 4.125672113149299, 4.125672113149299],[2.873737964724522, 4.1649142304816875, 4.1649142304816875, 4.1649142304816875, 4.1649142304816875, 4.1649142304816875, 4.1649142304816875, 4.1649142304816875, 4.1649142304816875, 4.1649142304816875, 4.1649142304816875],[2.8017442503457666, 4.20003709037142, 4.200037090371419, 4.200037090371419, 4.200037090371419, 4.200037090371419, 4.200037090371419, 4.200037090371419, 4.200037090371419, 4.200037090371419, 4.200037090371419],[4.291508033391611, 4.29150803339161, 4.29150803339161, 4.29150803339161, 4.29150803339161, 4.29150803339161, 4.29150803339161, 4.29150803339161, 4.29150803339161, 4.29150803339161, 4.29150803339161],[4.148248498729867, 4.148248498729867, 4.148248498729867, 4.148248498729867, 4.148248498729867, 4.148248498729867, 4.148248498729867, 4.148248498729867, 4.148248498729867, 4.148248498729867, 4.148248498729867],[3.5634154973243257, 4.9013440813664015, 5.141952920845877, 5.212337097357872, 5.237094553932098, 5.245691437135841, 5.246213077370684, 5.246301613001415, 5.246310203685227, 5.246310403918649, 5.246310405582461]
]

L = 8

[
[0.49999999999999994, 0.49999999999999994, 0.49999999999999994, 0.9999999999999999, 0.9999999999999999, 0.9999999999999999, 0.9999999999999999, 0.9999999999999999, 0.9999999999999999, 0.9999999999999999, 0.9999999999999999],[0.49999999999999994, 1.0, 1.0, 1.5, 1.5, 1.5, 1.5, 1.5, 1.5, 1.5, 1.5],[0.5, 0.875, 0.875, 1.25, 1.625, 1.625, 2.0, 2.375, 2.375, 2.75, 2.75],[0.75, 1.0, 1.25, 1.75, 2.0, 2.25, 2.5, 3.0, 3.25, 3.5, 3.75],[0.664616218611686, 0.9600872214601244, 1.2100872214601244, 1.7100872214601244, 1.9600872214601244, 2.210087221460124, 2.460087221460124, 2.772587221460124, 2.928837221460124, 3.085087221460124, 4.204496013162275],[0.7234339963372447, 1.344298644673332, 1.7215832096702046, 2.2115308897491675, 2.5240308897491675, 2.8434377126032984, 3.0309377126032984, 3.3121877126032984, 3.5934377126032984, 3.7809377126032984, 5.165598199330766],[0.6280021331558329, 1.1683490566716797, 1.5004810462863793, 1.938795740279375, 2.200393391378028, 2.581138215546071, 2.834968098324767, 3.141160590584002, 3.422410590584002, 3.609910590584002, 5.569527203780248],[0.8536483633629649, 1.461495823536406, 1.9737721896796623, 2.4318022461037585, 2.858090590522715, 3.2432536711313635, 3.6001437079781415, 3.9365760949079514, 4.301973826792281, 4.575411326792279, 6.427408979621239],[1.0479971583917864, 1.7579291026417232, 2.392503809588463, 2.9950483175499696, 3.5205988818893106, 3.943924229014278, 4.348271878678609, 4.7241529821519785, 5.1752103063200225, 5.501288036061851, 5.6014334247618205],[1.0782572911991575, 1.922179557290179, 2.690662159204506, 3.363932435799097, 3.9956580122386938, 4.506415275013646, 4.94460996002922, 5.346486832533362, 5.713172924334526, 6.0111030712740945, 6.907628608517893],[1.3499793678559748, 2.40479646424704, 3.348061176977328, 4.1631386233791705, 4.9628038243744665, 5.532276245013374, 5.92807979149481, 6.133741816332808, 6.133741816332808, 6.133741816332808, 6.133741816332808],[1.8802212510470344, 3.2781658967582206, 4.437608077003857, 5.294510450610342, 5.961162399049171, 6.431426474645962, 6.765514335052192, 6.94769533758189, 6.9667061514160435, 6.9667061514160435, 6.9667061514160435],[3.0470094492018807, 5.269174867098682, 5.353839936523675, 5.353839936523675, 5.353839936523675, 5.353839936523675, 5.353839936523675, 5.353839936523675, 5.353839936523675, 5.353839936523675, 5.353839936523675],[4.234816709302704, 6.030228366416975, 6.043039188218121, 6.043039188218121, 6.043039188218121, 6.043039188218121, 6.043039188218121, 6.043039188218121, 6.043039188218121, 6.043039188218121, 6.043039188218121],[3.180065581541727, 5.25088247006214, 6.432980072106272, 6.962426649278196, 7.004373086784333, 7.004373086784334, 7.004373086784333, 7.004373086784332, 7.004373086784333, 7.004373086784333, 7.004373086784333],[6.168342406937596, 6.241360802434436, 6.241360802434436, 6.241360802434436, 6.241360802434436, 6.241360802434436, 6.241360802434436, 6.241360802434436, 6.241360802434436, 6.241360802434436, 6.241360802434436],[5.821552473309664, 6.512134934507053, 6.578941709763792, 6.589129392301463, 6.590175232823493, 6.590225586593592, 6.590227013086204, 6.590227035273827, 6.590227035386362, 6.59022703538662, 6.59022703538662]
]

L = 9

[
[-6.406853007629837e-16, -6.406853007629837e-16, -6.406853007629837e-16, -6.406853007629837e-16, -6.406853007629837e-16, -6.406853007629837e-16, -6.406853007629837e-16, -6.406853007629837e-16, -6.406853007629837e-16, -6.406853007629837e-16, -6.406853007629837e-16],[0.5, 1.0, 1.0, 1.5, 2.0, 2.0, 2.0, 2.0, 2.0, 2.0, 2.0],[0.875, 1.25, 1.625, 2.375, 2.75, 2.75, 2.75, 2.75, 2.75, 2.75, 2.75],[0.8023148814000083, 1.1773148814000085, 1.4273148814000085, 1.9273148814000085, 2.1773148814000085, 2.4273148814000085, 2.6773148814000085, 3.1773148814000085, 3.4273148814000085, 3.5559534860365507, 3.5559534860365503],[0.8409420056968766, 1.5909420056968766, 2.090942005696877, 2.559692005696877, 2.872192005696877, 3.340942005696877, 3.653442005696877, 4.122192005696877, 4.43095348603655, 4.43095348603655, 4.43095348603655],[1.058768266288633, 1.830357060994022, 2.2628872572119447, 2.8330470227693367, 3.1455470227693367, 3.6142970227693363, 3.8017970227693363, 4.051276461623413, 4.10053000884924, 4.10053000884924, 4.10053000884924],[1.3373810753745852, 2.2593048201613755, 3.0405548201613755, 3.6381347029400715, 4.1068847029400715, 4.485298981781459, 4.758736481781459, 5.032173981781459, 5.032173981781459, 5.032173981781459, 5.032173981781459],[1.2794751499008474, 2.144716535310704, 2.856834239319542, 3.491408946266282, 4.079107426422962, 4.547857426422962, 4.931808669306498, 5.112374276697297, 5.112374276697297, 5.112374276697297, 5.112374276697297],[2.2618705134419814, 3.6758431721957345, 4.65789825736093, 4.974071274003969, 4.974071274003969, 4.974071274003969, 4.974071274003969, 4.974071274003969, 4.974071274003969, 4.974071274003969, 4.974071274003969],[1.9494377697687806, 3.360836165542759, 4.524050006722657, 5.195022022983471, 5.195022022983471, 5.195022022983471, 5.195022022983471, 5.195022022983471, 5.195022022983471, 5.195022022983471, 5.195022022983471],[3.491679887657314, 4.985568283421431, 5.2942633536602495, 5.2942633536602495, 5.2942633536602495, 5.2942633536602495, 5.2942633536602495, 5.2942633536602495, 5.2942633536602495, 5.2942633536602495, 5.2942633536602495],[3.599984103798017, 4.936878542245028, 5.1558521681677885, 5.1558521681677885, 5.1558521681677885, 5.1558521681677885, 5.1558521681677885, 5.1558521681677885, 5.1558521681677885, 5.1558521681677885, 5.1558521681677885],[4.922089155875926, 4.922089155875926, 4.922089155875926, 4.922089155875926, 4.922089155875926, 4.922089155875926, 4.922089155875926, 4.922089155875926, 4.922089155875926, 4.922089155875926, 4.922089155875926],[4.905922594290542, 4.905922594290542, 4.905922594290542, 4.905922594290542, 4.905922594290542, 4.905922594290542, 4.905922594290542, 4.905922594290542, 4.905922594290542, 4.905922594290542, 4.905922594290542],[5.566899748750925, 5.566899748750925, 5.566899748750925, 5.566899748750925, 5.566899748750925, 5.566899748750925, 5.566899748750925, 5.566899748750925, 5.566899748750925, 5.566899748750925, 5.566899748750925],[3.6904002162499223, 3.6904002162499223, 3.6904002162499223, 3.6904002162499223, 3.6904002162499223, 3.6904002162499223, 3.6904002162499223, 3.6904002162499223, 3.6904002162499223, 3.6904002162499223, 3.6904002162499223],[4.607798977770799, 4.607798977770799, 4.607798977770799, 4.607798977770799, 4.607798977770799, 4.607798977770799, 4.607798977770799, 4.607798977770799, 4.607798977770799, 4.607798977770799, 4.607798977770799],[5.243510021844702, 5.243510021844702, 5.243510021844702, 5.243510021844702, 5.243510021844702, 5.243510021844702, 5.243510021844702, 5.243510021844702, 5.243510021844702, 5.243510021844702, 5.243510021844702],[5.687365048529593, 5.6962198151036505, 5.6962267593794325, 5.69622675980858, 5.69622675980858, 5.69622675980858, 5.69622675980858, 5.696226759808579, 5.696226759808579, 5.69622675980858, 5.69622675980858]
]

L = 4

[
[0.49999999999999994, 0.49999999999999994, 0.49999999999999994, 0.49999999999999994, 0.49999999999999994, 0.49999999999999994, 0.49999999999999994, 0.49999999999999994, 0.49999999999999994, 0.49999999999999994, 0.9999999999999999],[0.5, 0.5, 0.5, 0.5, 0.5, 0.5, 1.0, 1.0, 1.0, 1.0, 2.0],[0.49999999999999994, 0.49999999999999994, 0.49999999999999994, 0.49999999999999994, 0.49999999999999994, 0.49999999999999994, 1.0, 1.0, 1.0, 1.0, 1.5],[0.5, 0.5, 0.5, 1.0, 1.0, 1.0, 1.5, 1.5, 1.5, 1.5, 1.5],[0.5000000000000001, 0.5000000000000001, 0.5000000000000001, 1.0, 1.0, 1.0, 1.5, 1.5, 1.5, 2.0, 2.0],[0.5, 1.0, 1.0, 1.5, 2.0, 2.0, 2.0, 2.0, 2.0, 2.0, 2.0],[0.5, 0.9999999999999999, 0.9999999999999999, 1.4999999999999998, 1.4999999999999998, 1.4999999999999998, 1.4999999999999998, 1.4999999999999998, 1.4999999999999998, 1.4999999999999998, 1.4999999999999998],[1.0, 1.5, 2.0, 2.0, 2.0, 1.9999999999999998, 1.9999999999999998, 1.9999999999999998, 1.9999999999999998, 1.9999999999999998, 1.9999999999999998],[1.0242724216239032, 1.5242724216239032, 1.8004380183464277, 1.8004380183464277, 1.8004380183464277, 1.8004380183464277, 1.8004380183464277, 1.8004380183464277, 1.8004380183464277, 1.8004380183464277, 1.8004380183464277]
]

L = 5

[
[0.49999999999999994, 0.49999999999999994, 0.49999999999999994, 0.49999999999999994, 0.49999999999999994, 0.49999999999999994, 0.9999999999999999, 0.9999999999999999, 0.9999999999999999, 0.9999999999999999, 0.9999999999999999],[0.49999999999999994, 0.49999999999999994, 0.49999999999999994, 0.49999999999999994, 0.49999999999999994, 0.49999999999999994, 0.9999999999999999, 0.9999999999999999, 0.9999999999999999, 0.9999999999999999, 0.9999999999999999],[0.49999999999999994, 0.49999999999999994, 0.49999999999999994, 0.9999999999999999, 0.9999999999999999, 0.9999999999999999, 0.9999999999999999, 0.9999999999999999, 0.9999999999999999, 0.9999999999999999, 0.9999999999999999],[0.49999999999999994, 0.49999999999999994, 0.49999999999999994, 0.9999999999999999, 0.9999999999999999, 0.9999999999999999, 0.9999999999999999, 0.9999999999999999, 0.9999999999999999, 0.9999999999999999, 0.9999999999999999],[0.49999999999999994, 0.9999999999999999, 0.9999999999999999, 0.9999999999999999, 0.9999999999999999, 0.9999999999999999, 0.9999999999999999, 0.9999999999999999, 0.9999999999999999, 0.9999999999999999, 0.9999999999999999],[0.49999999999999994, 1.0, 1.0, 1.0, 1.0, 1.0, 1.0, 1.0, 1.0, 1.0, 1.0],[0.9999999999999998, 0.9999999999999998, 0.9999999999999998, 0.9999999999999998, 0.9999999999999998, 0.9999999999999998, 0.9999999999999998, 0.9999999999999998, 0.9999999999999998, 0.9999999999999998, 0.9999999999999998],[1.0000000000000002, 1.0000000000000002, 1.0000000000000002, 1.0000000000000002, 1.0000000000000002, 1.0000000000000002, 1.0000000000000002, 1.0000000000000002, 1.0000000000000002, 1.0000000000000002, 1.0000000000000002],[0.9999999999999999, 0.9999999999999999, 0.9999999999999999, 0.9999999999999999, 0.9999999999999999, 0.9999999999999999, 0.9999999999999999, 0.9999999999999999, 0.9999999999999999, 0.9999999999999999, 0.9999999999999999],[1.2813706015259665e-15, 1.2813706015259665e-15, 1.2813706015259665e-15, 1.2813706015259665e-15, 1.2813706015259665e-15, 1.2813706015259665e-15, 1.2813706015259665e-15, 1.2813706015259665e-15, 1.2813706015259665e-15, 1.2813706015259665e-15, 1.2813706015259665e-15],[1.0, 1.0, 1.0, 1.0, 1.0, 1.0, 1.0, 1.0, 1.0, 1.0, 1.0]
]

L = 6

[
[-0.0, -0.0, -0.0, -0.0, -0.0, -0.0, -0.0, -0.0, -0.0, -0.0, -0.0],[0.5, 0.5, 0.5, 1.0, 1.0, 1.0, 1.5, 1.5, 1.5, 2.0, 2.0],[0.5, 0.5, 0.5, 1.0, 1.0, 1.0, 1.375, 1.375, 1.375, 1.75, 2.5],[0.375, 0.75, 0.75, 1.125, 1.5, 1.5, 1.875, 2.25, 2.25, 2.5, 3.25],[0.5, 0.875, 0.875, 1.25, 1.625, 1.625, 2.0, 2.25, 2.25, 2.5, 3.125],[0.6757213818214931, 0.9958811473788847, 1.2737068327400196, 1.8015325181011546, 2.051532518101155, 2.301532518101155, 2.551532518101155, 2.9816212301393836, 3.1378712301393836, 3.2941212301393836, 4.044022086732848],[0.5723822701500135, 0.8261196900966892, 1.0761196900966892, 1.570910747795463, 1.8042393081886314, 2.0111941909673274, 2.218149073746023, 2.617732223428943, 2.7989834830279934, 2.9552334830279934, 4.53793833583754],[0.8475169865518839, 1.5468841908623208, 1.9831243513409915, 2.603988999677078, 2.9222395047348515, 3.3607572094692495, 3.638151526303832, 4.018896350471876, 4.347902453945246, 4.461699408949744, 4.570503772274753],[0.8744857577299062, 1.5404451265561765, 1.9597481215016066, 2.5539113026908775, 2.8707644899519753, 3.2967236565019378, 3.5658419520650857, 3.9470664986134807, 4.28556145081717, 4.435913892206518, 4.60722686201782],[1.6414245416919102, 2.7786214600469763, 3.679498460210138, 4.2252413843242245, 4.2252413843242245, 4.2252413843242245, 4.2252413843242245, 4.2252413843242245, 4.2252413843242245, 4.2252413843242245, 4.2252413843242245],[1.7012890445810167, 2.8741726327643975, 3.7452253754777285, 4.145917433976123, 4.145917433976123, 4.145917433976123, 4.145917433976123, 4.145917433976123, 4.145917433976123, 4.145917433976123, 4.145917433976123],[2.631963971156754, 4.287950517695747, 4.287950517695747, 4.287950517695747, 4.287950517695747, 4.287950517695747, 4.287950517695747, 4.287950517695747, 4.287950517695747, 4.287950517695747, 4.287950517695747],[2.134370207679724, 3.742639666905728, 4.461175366521632, 4.834113888644164, 5.012807355329591, 5.117364809171751, 5.168686383142708, 5.201345816115351, 5.220410674972677, 5.227163544844845, 5.230155759213268]
]

L = 7

[
[0.49999999999999994, 0.49999999999999994, 0.49999999999999994, 0.9999999999999999, 0.9999999999999999, 0.9999999999999999, 0.9999999999999999, 0.9999999999999999, 0.9999999999999999, 0.9999999999999999, 0.9999999999999999],[0.5, 0.5, 0.5, 1.0, 1.0, 1.0, 1.5, 1.5, 1.5, 2.0, 2.0],[0.5273755142062793, 0.9023755142062793, 0.9023755142062793, 1.2773755142062793, 1.6523755142062793, 1.6523755142062793, 2.0273755142062795, 2.4023755142062795, 2.4023755142062795, 2.6119069720731005, 2.6119069720731005],[0.4528195311147832, 0.8278195311147831, 0.8278195311147831, 1.0778195311147831, 1.3278195311147831, 1.3278195311147831, 1.5778195311147831, 1.8278195311147831, 1.8278195311147831, 2.077819531114783, 3.577819531114783],[0.75, 1.1055616162641015, 1.425721381821493, 1.925721381821493, 2.1757213818214933, 2.4257213818214933, 2.6757213818214933, 3.1757213818214933, 3.3714975046534543, 3.5277475046534543, 3.6839975046534543],[0.6550960287358515, 0.9467724963338676, 1.2341218639207923, 1.793060026213106, 2.043060026213106, 2.293060026213106, 2.527372615419374, 2.8956374765470057, 3.0518874765470057, 3.2081374765470057, 4.2125992629191416],[0.9895150865147329, 1.8605904068617645, 2.319160962261714, 2.940025610597802, 3.2741483170442534, 3.684228199822949, 3.938058082601645, 4.063865124504575, 4.063865124504575, 4.063865124504575, 4.063865124504575],[1.0473039811494895, 1.8362438183794243, 2.294814373779374, 2.938443347684365, 3.329147915609696, 3.7958578771031335, 3.9391182341252993, 3.9391182341252993, 3.9391182341252993, 3.9391182341252993, 3.9391182341252993],[1.5030667261881065, 2.3626417247868607, 3.0513043485023577, 3.6858790554490977, 4.235954018467129, 4.630812819401139, 4.805626250452672, 4.805626250452672, 4.805626250452672, 4.805626250452672, 4.805626250452672],[1.6733315454910165, 2.608685115310358, 3.4135860580374313, 4.020471705662009, 4.371471456100213, 4.493503554855538, 4.493503554855538, 4.493503554855538, 4.493503554855538, 4.493503554855538, 4.493503554855538],[2.39334025661665, 4.015836227281108, 4.698789266975366, 4.698789266975366, 4.698789266975366, 4.698789266975366, 4.698789266975366, 4.698789266975366, 4.698789266975366, 4.698789266975366, 4.698789266975366],[2.88356389592066, 4.154182770389723, 4.154182770389724, 4.154182770389724, 4.154182770389724, 4.154182770389724, 4.154182770389724, 4.154182770389724, 4.154182770389724, 4.154182770389724, 4.154182770389724],[4.0315869706001175, 4.6384752769401025, 4.6384752769401025, 4.6384752769401025, 4.6384752769401025, 4.6384752769401025, 4.6384752769401025, 4.6384752769401025, 4.6384752769401025, 4.6384752769401025, 4.6384752769401025],[4.167226015061138, 4.167226015061138, 4.167226015061138, 4.167226015061138, 4.167226015061138, 4.167226015061138, 4.167226015061138, 4.167226015061138, 4.167226015061138, 4.167226015061138, 4.167226015061138],[3.390112703197231, 3.4104962293937326, 3.4106033824167685, 3.410603384057066, 3.4106033840570658, 3.4106033840570658, 3.410603384057066, 3.4106033840570666, 3.4106033840570658, 3.4106033840570658, 3.4106033840570658]
]

L = 8

[
[0.49999999999999994, 0.49999999999999994, 0.49999999999999994, 0.9999999999999999, 0.9999999999999999, 0.9999999999999999, 0.9999999999999999, 0.9999999999999999, 0.9999999999999999, 0.9999999999999999, 0.9999999999999999],[0.5, 1.0, 1.0, 1.5, 2.0, 2.0, 2.0, 2.0, 2.0, 2.0, 2.0],[0.5, 0.875, 0.875, 1.25, 1.625, 1.625, 2.0, 2.375, 2.375, 2.75, 2.75],[0.625, 0.875, 1.125, 1.625, 1.875, 2.125, 2.375, 2.875, 3.125, 3.375, 3.875],[0.61563076840583, 0.86563076840583, 1.11563076840583, 1.61563076840583, 1.86563076840583, 2.11563076840583, 2.36563076840583, 2.67813076840583, 2.83438076840583, 2.99063076840583, 4.316886508575667],[0.6972360321400979, 1.2997880801959256, 1.6770726451927982, 2.145822645192798, 2.458322645192798, 2.7917267513062, 2.9792267513062, 3.2604767513062, 3.5417267513062, 3.7292267513062, 5.220129896672137],[0.5921855547210236, 1.1198150210129223, 1.4323150210129223, 1.8626205914690601, 2.116450474247756, 2.4971952984158, 2.751025181194496, 3.13177000536254, 3.4340445371488664, 3.6215445371488664, 5.523242725118932],[1.2139949184840455, 1.9403040064431973, 2.5920173955890204, 3.144932230736636, 3.6136822307366354, 4.082432230736635, 4.435944901839665, 4.709382401839665, 5.037507401839665, 5.247444883072818, 5.577616328674717],[0.9907439303453814, 1.6522635720712127, 2.203631998157218, 2.704985039947003, 3.1612934310937204, 3.5787374723235077, 3.964920716704465, 4.2932324216545, 4.6213574216545, 4.8947949216545, 6.052318269843699],[1.256071821862342, 2.1630756477830073, 2.9411180901340837, 3.598465248103847, 4.223898679930107, 4.743822488337116, 5.182855833345064, 5.540050129713174, 5.883800129713174, 6.162682779522491, 6.688664461782697],[1.4652072101316913, 2.496451606254992, 3.3295745610901633, 4.056530524592478, 4.7412868280927585, 5.290570098609412, 5.755573034026803, 6.138971539988761, 6.188278400336099, 6.188278400336099, 6.188278400336099],[2.8934448943800066, 5.278382721470146, 5.380864508554168, 5.380864508554168, 5.380864508554168, 5.380864508554168, 5.380864508554168, 5.380864508554168, 5.380864508554168, 5.380864508554168, 5.380864508554168],[2.1534473773613, 3.659714873514026, 4.7839947307067225, 5.53542750771647, 6.0891232816490914, 6.416396477261336, 6.627991453860322, 6.740985327611416, 6.751416909198408, 6.751416909198408, 6.751416909198408],[3.983594145214733, 6.182987540125271, 6.242115798140721, 6.242115798140721, 6.242115798140721, 6.242115798140721, 6.242115798140722, 6.242115798140721, 6.242115798140721, 6.242115798140721, 6.242115798140721],[3.1200569220445096, 5.21951990659223, 6.368141011080508, 7.0158159825252655, 7.044191415766951, 7.044191415766951, 7.04419141576695, 7.04419141576695, 7.044191415766951, 7.044191415766951, 7.04419141576695],[5.288980108347853, 6.982890428273451, 7.011156094806355, 7.011156094806356, 7.0111560948063545, 7.011156094806355, 7.011156094806355, 7.011156094806356, 7.011156094806355, 7.0111560948063545, 7.0111560948063545],[4.956740706615385, 6.645754601453218, 7.164386899625586, 7.310598999031038, 7.369672805910369, 7.396991628572638, 7.4084834878537515, 7.412417947310343, 7.413512280346449, 7.4138869781615755, 7.4140373504864705]
]

L = 9

[
[0.49999999999999994, 0.9999999999999999, 0.9999999999999999, 0.9999999999999999, 0.9999999999999999, 0.9999999999999999, 0.9999999999999999, 0.9999999999999999, 0.9999999999999999, 0.9999999999999999, 0.9999999999999999],[0.5, 1.0, 1.0, 1.5, 2.0, 2.0, 2.0, 2.0, 2.0, 2.0, 2.0],[0.875, 1.25, 1.625, 2.375, 2.75, 2.75, 2.75, 2.75, 2.75, 2.75, 2.75],[0.625, 0.875, 1.125, 1.625, 1.875, 2.125, 2.375, 2.875, 3.125, 3.375, 3.875],[0.9070170837630929, 1.5632670837630929, 1.8757670837630929, 2.344517083763093, 2.657017083763093, 3.125767083763093, 3.438267083763093, 3.907017083763093, 4.375767083763093, 4.509799105851434, 4.509799105851434],[1.0153195311147831, 1.8026688987017079, 2.2165786642590994, 2.786738429816491, 3.099238429816491, 3.567988429816491, 3.880488429816491, 4.1617384298164914, 4.1617384298164914, 4.1617384298164914, 4.1617384298164914],[1.330000508720444, 2.26487067947469, 3.0416509849211835, 3.6829731985010885, 4.151723198501088, 4.555001698538951, 4.820528976451938, 5.004530197060159, 5.0543682258122615, 5.0543682258122615, 5.0543682258122615],[1.5033716794508707, 2.415415578152579, 3.2237802264886666, 3.8213601092673626, 4.271536329962037, 4.647417433435407, 4.756792433435406, 4.756792433435406, 4.756792433435406, 4.756792433435406, 4.756792433435406],[1.9919289346426952, 3.399626319192497, 4.533245881771642, 5.110958282796176, 5.244823984567803, 5.244823984567803, 5.244823984567803, 5.244823984567803, 5.244823984567803, 5.244823984567803, 5.244823984567803],[1.7075752282527152, 2.869501895320593, 3.90283219747076, 4.727592576014457, 5.285002853714431, 5.676431353175302, 5.694020799219118, 5.694020799219118, 5.694020799219118, 5.694020799219118, 5.694020799219118],[3.0146254073915055, 4.892136813210912, 5.619676343415892, 5.619676343415891, 5.619676343415891, 5.619676343415891, 5.619676343415891, 5.619676343415891, 5.619676343415891, 5.619676343415891, 5.619676343415891],[4.144175923350018, 4.570780605309453, 4.570780605309453, 4.570780605309453, 4.570780605309453, 4.570780605309453, 4.570780605309453, 4.570780605309453, 4.570780605309453, 4.570780605309453, 4.570780605309453],[4.618999249430214, 4.618999249430214, 4.618999249430214, 4.618999249430214, 4.618999249430214, 4.618999249430214, 4.618999249430214, 4.618999249430214, 4.618999249430214, 4.618999249430214, 4.618999249430214],[4.298999967771476, 4.298999967771476, 4.298999967771476, 4.298999967771476, 4.298999967771476, 4.298999967771476, 4.298999967771476, 4.298999967771476, 4.298999967771476, 4.298999967771476, 4.298999967771476],[5.211826257410742, 5.211826257410742, 5.211826257410742, 5.211826257410742, 5.211826257410742, 5.211826257410742, 5.211826257410742, 5.211826257410742, 5.211826257410742, 5.211826257410742, 5.211826257410742],[5.421685459338952, 5.421685459338952, 5.421685459338952, 5.421685459338952, 5.421685459338952, 5.421685459338952, 5.421685459338952, 5.421685459338952, 5.421685459338952, 5.421685459338952, 5.421685459338952],[4.306020269334752, 4.306020269334752, 4.306020269334752, 4.306020269334752, 4.306020269334752, 4.306020269334752, 4.306020269334752, 4.306020269334752, 4.306020269334752, 4.306020269334752, 4.306020269334752],[3.997047502274587, 3.997047502274587, 3.997047502274587, 3.997047502274587, 3.997047502274587, 3.997047502274587, 3.997047502274587, 3.997047502274587, 3.997047502274587, 3.997047502274587, 3.997047502274587],[4.771168712656649, 4.771169636527664, 4.771169636527663, 4.771169636527664, 4.771169636527664, 4.771169636527663, 4.771169636527663, 4.771169636527664, 4.771169636527664, 4.771169636527664, 4.771169636527663]
]

